samples/winforms/HowDoISample/SampleData/GridFile/PhValues.grd
ncols 99
nrows 74
xllcorner -96.1156129546119
yllcorner 29.9474722740045
cellsize 0.0001
NODATA_Value -9999
[rows 0 to 21 of 74, columns 0 to 50 of 99]
-9999 -9999 -9999 -9999 -9999 -9999 -9999 -9999 -9999 -9999 -9999 -9999 -9999 -9999 -9999 -9999 -9999 -9999 -9999 -9999 -9999 -9999 -9999 -9999 -9999 -9999 -9999 -9999 -9999 -9999 -9999 -9999 -9999 -9999 -9999 -9999 -9999 -9999 -9999 -9999 -9999 -9999 -9999 -9999 -9999 -9999 -9999 -9999 -9999 -9999 -9999
-9999 -9999 -9999 -9999 -9999 -9999 -9999 -9999 -9999 -9999 -9999 -9999 -9999 -9999 -9999 -9999 -9999 -9999 -9999 -9999 -9999 -9999 -9999 -9999 -9999 -9999 -9999 -9999 -9999 -9999 -9999 -9999 -9999 -9999 -9999 -9999 -9999 -9999 -9999 -9999 -9999 -9999 -9999 -9999 -9999 -9999 -9999 -9999 -9999 -9999 -9999
-9999 -9999 -9999 -9999 -9999 -9999 -9999 -9999 -9999 -9999 -9999 -9999 -9999 -9999 -9999 -9999 -9999 -9999 -9999 -9999 -9999 -9999 -9999 -9999 -9999 -9999 -9999 -9999 -9999 -9999 -9999 -9999 -9999 -9999 -9999 -9999 -9999 -9999 -9999 -9999 -9999 -9999 -9999 -9999 -9999 -9999 -9999 -9999 -9999 -9999 -9999
-9999 -9999 -9999 -9999 -9999 -9999 -9999 -9999 -9999 -9999 -9999 -9999 -9999 -9999 -9999 -9999 -9999 -9999 -9999 -9999 -9999 -9999 -9999 -9999 -9999 -9999 -9999 -9999 -9999 -9999 -9999 -9999 -9999 -9999 -9999 -9999 -9999 -9999 -9999 -9999 -9999 -9999 -9999 -9999 -9999 -9999 -9999 -9999 -9999 -9999 -9999
-9999 -9999 -9999 -9999 -9999 -9999 -9999 -9999 -9999 -9999 -9999 -9999 -9999 -9999 -9999 -9999 -9999 -9999 -9999 -9999 -9999 -9999 -9999 -9999 -9999 -9999 -9999 -9999 -9999 -9999 -9999 -9999 -9999 -9999 -9999 -9999 -9999 -9999 -9999 -9999 -9999 -9999 -9999 -9999 -9999 -9999 -9999 -9999 -9999 -9999 -9999
-9999 -9999 -9999 -9999 -9999 -9999 -9999 -9999 -9999 -9999 -9999 -9999 -9999 -9999 -9999 -9999 -9999 -9999 -9999 -9999 -9999 -9999 -9999 -9999 -9999 -9999 -9999 -9999 -9999 -9999 -9999 -9999 -9999 -9999 -9999 -9999 -9999 -9999 -9999 -9999 -9999 -9999 -9999 -9999 -9999 -9999 -9999 -9999 -9999 -9999 -9999
-9999 -9999 -9999 -9999 -9999 -9999 -9999 -9999 -9999 -9999 -9999 -9999 -9999 -9999 -9999 -9999 -9999 -9999 -9999 -9999 -9999 -9999 -9999 -9999 -9999 -9999 -9999 -9999 -9999 -9999 -9999 -9999 -9999 -9999 -9999 -9999 -9999 -9999 -9999 -9999 -9999 -9999 -9999 -9999 -9999 -9999 -9999 -9999 -9999 -9999 -9999
-9999 -9999 -9999 -9999 -9999 -9999 -9999 -9999 -9999 -9999 -9999 -9999 -9999 -9999 -9999 -9999 -9999 -9999 -9999 -9999 -9999 -9999 -9999 -9999 -9999 -9999 -9999 -9999 -9999 -9999 -9999 -9999 -9999 -9999 -9999 -9999 -9999 -9999 -9999 -9999 -9999 -9999 -9999 -9999 -9999 -9999 -9999 -9999 -9999 -9999 -9999
6.5 6.5 6.5 6.5 6.404163559093 6.40963472151806 6.41530958607681 6.27839527889861 6.28758325272892 6.29867193050469 6.31116215212611 6.32432905320503 6.33734553208408 6.34943612923236 6.36000586541216 6.36870583956459 6.50884279297219 6.56093856055125 6.58808375074915 6.61661512994968 6.6458836708039 6.68748834893185 6.71184893000987 6.73337372637245 6.75122053939233 6.76820832033008 6.81773884594818 6.82147340873131 6.82315580607085 6.82321863971382 6.8245726595809 6.82252897678907 6.81991959341776 6.81699049799316 6.87683777339767 6.87511025520816 6.87342627636488 7.02487154324175 7.02697027563626 7.03544389817594 7.04318795313511 7.05000623623832 7.05572700057909 7.07439549732551 7.07753299182409 7.07987224426128 7.09698188934386 7.09794912310905 7.09889258134973 7.09984566340439 7.10082162720271
6.5 6.5 6.5 6.39715506218933 6.40287325764017 6.40899448735144 6.26180440663486 6.26959318417984 6.28035923328569 6.29387627051663 6.30944596267399 6.32597654377756 6.34220412792899 6.35697472925343 6.36946587325698 6.48504036478597 6.50881188540541 6.53438103743676 6.56251195446897 6.62152274598834 6.66890663153315 6.69933714422425 6.72781377822752 6.75270295968333 6.77278460391334 6.78849054080062 6.83045788325817 6.83363195368154 6.83429052673729 6.8330888026871 6.83063420804435 6.82742854966533 6.82657207746975 6.82262035073655 6.87733533142264 6.97010300148524 6.98460132902245 6.9994799365613 7.02981737927244 7.03929651142077 7.04800661870972 7.05566830985403 7.06202090259079 7.07867406808645 7.08175917621909 7.08388700235544 7.09757041980722 7.09848533548992 7.09940808770839 7.10038033143648 7.0711742741293
6.5 6.5 6.3888851176755 6.39455546011461 6.40083157570702 6.40766205708239 6.2503053459514 6.25869261267647 6.27128310879984 6.28790591077821 6.30758593595872 6.32864415428135 6.34910492812256 6.4376404983507 6.46151327632238 6.48451586261802 6.50817859726987 6.53424283099402 6.56414379600262 6.59848600772845 6.65053937712273 6.71148484358427 6.74513588331525 6.77418015699156 6.79686313595215 6.81161653393333 6.84521621692913 6.84736808491562 6.84649252970404 6.84355822783569 6.83939883312274 6.83464869188596 6.82974399244266 6.82781957206208 6.9097815326332 6.9699290145359 6.98612359348139 7.00204243047548 7.01417828286135 7.02625566768322 7.05286189316248 7.06154579645308 7.06867353428907 7.08323275470228 7.08621005273458 7.08802822466192 7.09821213189481 7.09903762630434 7.099931118028 7.07679629938008 7.07160717882619
6.5 6.37965820342429 6.38492906100615 6.39096964343128 6.39779472728382 6.40537219995728 6.23694067284405 6.24564445164871 6.26024965682019 6.28078541928977 6.30591281761283 6.33302115860209 6.41127939557043 6.43891604096573 6.46288807706869 6.48469995881809 6.50685576453227 6.53217160916013 6.56305673306088 6.61650072037331 6.65729528230566 6.70049814939618 6.76298085509465 6.79701025027488 6.82128024139734 6.83700021582053 6.8444516925165 6.86213356840132 6.85914943004914 6.85400722546439 6.84780733823058 6.84131171579864 6.83498695695137 6.8895960762559 6.91063626340316 6.96932326580764 6.98717446834392 7.00398129239726 7.01721429511831 7.03070461781038 7.04396317549369 7.06727502845424 7.07537538303309 7.08789290954611 7.09070023206573 7.0920956519377 7.09255949651998 7.09956271446782 7.08358542560887 7.08411081417787 7.07898286207332
6.36993374564532 6.37445644932306 6.3798314238581 6.38614631785862 6.39345954767817 6.40177662222239 6.22256973897938 6.23115339477269 6.24783539147975 6.2731074180615 6.30520746257266 6.37868806896821 6.41467341287744 6.44409324157102 6.46706305657745 6.48605709060511 6.5049047690588 6.5278117107019 6.57487786547243 6.61413537906996 6.660780936305 6.71156374137918 6.76146139156961 6.81913270238519 6.84579299294696 6.86267164307036 6.86883872532817 6.87661515900833 6.87105008264745 6.86337850370408 6.85498280370179 6.8759562549966 6.88077497250038 6.88951212904924 6.90237072822884 6.92859201488912 6.98746762103289 7.0050818450952 7.01907723278924 7.03384106550703 7.04886143982816 7.06303118791974 7.08154761070576 7.09230234105979 7.09488253995217 7.09575098703244 7.09562821228288 7.09327583994567 7.08988790557623 7.08506187887262 7.07874293261387
6.36375799394967 6.36808642703259 6.37338881144645 6.37980826907642 6.38746695010837 6.39643512583466 6.20940112742813 6.21748335296796 6.23615195201016 6.26668302861545 6.34717031561755 6.39435316213408 6.43384658629073 6.46270426648449 6.48208574435379 6.49605859081982 6.50999750093918 6.52927934014284 6.57277427333555 6.60748543283217 6.65954047148128 6.71762650855446 6.77525344135912 6.82523431685176 6.86635606240782 6.88435980066401 6.8890900165189 6.88842564965961 6.88024105053638 6.87014687001349 6.85978190914867 6.87626358683175 6.88020713068751 6.88855616937362 6.90149112895778 6.92820580875497 6.99203615333719 7.01421869639325 7.02724393125639 7.04143536197893 7.05643870421872 7.07102798281915 7.08339351863893 7.09677528271525 7.09868188922544 7.09753140362965 7.09658287311064 7.09687172109948 7.09145502156639 7.08594254996353 7.0784269274329
6.35653210645681 6.36044328319317 6.36542305317873 6.37168147419964 6.3794262395522 6.3888265167084 6.20170840602891 6.21167233103968 6.23635448184958 6.29324499399939 6.34862415159848 6.40207184593099 6.44488783552273 6.4732756404743 6.48892255698126 6.49735136366627 6.50559724793107 6.5310004766805 6.56080113449649 6.60367687302197 6.65777553004449 6.71859760142066 6.7795956459207 6.83373940801415 6.87177998844958 6.89541404779069 6.8993797291241 6.89419090217919 6.88420659249817 6.87253012033803 6.87608601923971 6.87515404048489 6.87853900798852 6.88658354999614 6.93816819908561 6.95220571055664 7.00131392993407 7.01245664417805 7.02479147494663 7.03905026906788 7.05507438028447 7.07138451880265 7.08549356751177 7.09666743601632 7.09968830970392 7.09957114178117 7.09807891959892 7.09780128210082 7.0950035063767 7.08999823192865 7.0821796194807
6.34827280108234 6.34311111404684 6.34742516221882 6.35304289850007 6.40784651110875 6.41358046467343 6.20330926652984 6.21448959781278 6.25124845999326 6.29980863867952 6.35629467277619 6.41293551045342 6.45649055139594 6.4834809575326 6.49552309717786 6.49904199109873 6.50231255234065 6.52123668302861 6.55006429516184 6.59325940435439 6.64810298485265 6.7094993492192 6.76927226024742 6.82297695052668 6.86202520130233 6.88686853771244 6.8939163816918 6.88960946741928 6.87838453288754 6.87380003729446 6.86755049760758 6.86497700394264 6.90674547787067 6.92085447933648 6.94396133935002 6.95782241652616 7.00027957046681 7.00949562067295 7.02009630819506 7.0333270827414 7.04936582664141 7.06662531595929 7.08204852029476 7.09388344593899 7.09802496905277 7.09909485920277 7.09793978780384 7.10800489396537 7.11105364211189 7.11083599594147 7.10553368439067
6.33216803710431 6.33455330663276 6.3915573688334 6.3934335167254 6.39682389651944 6.40211543243764 6.21991735214511 6.23252724866402 6.27197062702176 6.31677162604422 6.36859592231096 6.4192493530283 6.46055239797448 6.48696129096014 6.49856055055814 6.49996650662353 6.50098701064734 6.51691997985995 6.54476608198691 6.58911083556014 6.64025534781229 6.69581823266006 6.75058444356694 6.79934060958099 6.83504239222831 6.85806878447059 6.87110203195076 6.87444536842815 6.86563564806504 6.86520658043688 6.88635762286781 6.89631553697967 6.91047065797059 6.9269859239632 6.94352300235016 6.95797389912592 6.98731833162519 7.00593727564317 7.01388766875666 7.02496132583084 7.03971884818012 7.05664794197504 7.08150267755116 7.09051375173986 7.09885899904438 7.10416418702012 7.10684221088102 7.1136707588517 7.11667750775507 7.11613585728096 7.09995487886439
6.32398981784021 6.38138557717528 6.38078589237322 6.38128996871633 6.38336726158515 6.38756451403807 6.24606212189788 6.27228537795897 6.29926621463246 6.33607303258959 6.37870513101373 6.42160483374646 6.45826153723132 6.48324957968687 6.4952899076599 6.49849475336793 6.50132378927405 6.52211342038845 6.54995073204871 6.58875852434236 6.63463789728528 6.68294666830348 6.72930588350832 6.7699492965282 6.8015819096637 6.82083635145774 6.82957025997618 6.85074052619797 6.85586601097239 6.8755177945207 6.88386670929915 6.89698070649845 6.91427654158274 6.93388078142603 6.9529559639599 6.96858987450909 6.99084846874745 6.9980981558702 7.00263304633807 7.01605940842724 7.02859861796535 7.04398617640009 7.08913845563213 7.098889818893 7.10034949655689 7.1063302549762 7.115300470601 7.12355393222596 7.12611204740963 7.12509595784937 7.10767911672965
6.37407984747873 6.37122649584261 6.36887890074485 6.36745043561663 6.36751106910358 6.36978409979378 6.27158633706717 6.30012355707952 6.32126301271709 6.34943153415707 6.38263194175033 6.41739714974828 6.44891276799519 6.47259166584276 6.48671432190139 6.49382022476644 6.51005198679285 6.52845321368734 6.55917464219825 6.59423881121995 6.63411824391789 6.67481913634761 6.7127714099761 6.74528929427068 6.77062984385649 6.78921253168874 6.79750223649407 6.83644607839207 6.85838811689399 6.86801372783984 6.87979463874389 6.89613799651969 6.91673978516786 6.93976677601527 6.96193216080944 6.97946002583492 6.99532979218678 6.99872743331123 7.00035568791228 7.00456626103262 7.01293292995568 7.06981451832885 7.08809141468967 7.10212896892005 7.1086669170861 7.1155652395887 7.12808088890022 7.13745211064873 7.13948009508296 7.13807327346035 7.13198336922676
6.36541539550567 6.36078666314533 6.35630058872909 6.3523791457842 6.34967314365068 6.3490948619721 6.30473803479017 6.31493801364916 6.33078626965455 6.35239952023199 6.378899569024 6.4079217880278 6.43579663976257 6.45888807122316 6.49037712980522 6.50328603640729 6.52092587616489 6.53952327252528 6.56444284199555 6.59497732700008 6.63852032739251 6.67321592654536 6.70489863909003 6.73150581991054 6.75198194368878 6.77047945561614 6.80011647882609 6.8246213871425 6.84667122026221 6.85717589528432 6.87333197772081 6.89238022101595 6.91578805966977 6.941748814765 6.96667586116851 6.98615476035494 6.99858606114855 6.99970202046955 6.99976653782695 7.0019184186687 7.03862578073691 7.06109531799859 7.09127693960434 7.10962207046231 7.11661792987678 7.12927661552126 7.14202429897849 7.15429039181332 7.15589751570127 7.15432391106063 7.14893755181211
6.35724210736492 6.35070310999124 6.34380686809713 6.33693475932776 6.33078467650079 6.32646779178767 6.29178458042276 6.31347707884614 6.32545772828313 6.34364695459817 6.36736768378003 6.39435137254891 6.42131711014373 6.4660100523884 6.48696185953116 6.50529605655435 6.52371719181475 6.55066652067402 6.57580841207809 6.6046116793736 6.63559926290032 6.67782038427093 6.70606525985227 6.72973862916361 6.74783385063315 6.77231536296474 6.79047861137567 6.81337390842414 6.83474697223354 6.84646925398924 6.86215594842654 6.88468113335864 6.90968250713776 6.93712239384118 6.96337529140864 6.98393961200374 6.99786315655252 6.99925082706072 7.00293937494568 7.01021886914496 7.04165604862108 7.06597192662179 7.08996152653598 7.11161324236232 7.13177828709257 7.1465639995241 7.16029436031449 7.17204451936084 7.17326620506508 7.17175203627638 7.16745579445001
6.35018682039145 6.3418009958201 6.33245259566114 6.32241749053681 6.31238602650262 6.30366704455153 6.28361214398816 6.29725515498387 6.30669364125808 6.32454662138283 6.34951002815115 6.37839841864311 6.4300138220521 6.45921561655321 6.48493573024529 6.50809897493432 6.53059111176823 6.56123317083141 6.58693422471847 6.61500072293171 6.6447094478598 6.67466680173463 6.71398503777817 6.73733008719202 6.75537077070718 6.77054495373926 6.7890172740087 6.80549069615192 6.82307614482452 6.83477154498365 6.85076861550454 6.87126366696404 6.89826520215601 6.92526843848094 6.950971452678 6.9772358350859 6.9873682621063 7.00125654580278 7.00688582513826 7.03057832189497 7.05196270441818 7.07696088829501 7.10252264512464 7.1265277864472 7.14062784083416 7.16402630080102 7.17824092414146 7.18756488944899 7.18850529949873 7.18745521301727 7.1849174057601
