samples/winforms/HowDoISample/SampleData/GridFile/PhValues.grd
ncols 99
nrows 74
xllcorner -96.1156129546119
yllcorner 29.9474722740045
cellsize 0.0001
NODATA_Value -9999
[rows 22 to 43 of 74, columns 0 to 50 of 99]
6.34490941940116 6.33501849737289 6.32353344413236 6.31055183087424 6.29667376258708 6.28336625227078 6.26831164495229 6.26621529953962 6.28021755222173 6.30013558725999 6.32958051398824 6.38292368930304 6.42093284178104 6.4554915733022 6.48589493758641 6.5130041265339 6.53844239843772 6.57160830950494 6.59760344989354 6.6251963640566 6.6543264504429 6.68428448106816 6.71372660934686 6.74897993559891 6.77162219665957 6.78722372025008 6.79307009223826 6.80102833854942 6.8131057048134 6.82381912195951 6.83895440961174 6.858271679795 6.88103385931755 6.90827217379277 6.93197878062364 6.97414347822507 6.98399068550333 7.0151121623012 7.02708251327004 7.05944475196049 7.08225838867658 7.10734841116652 7.13212315392527 7.15466050007648 7.16722933698165 7.19029464835904 7.19590210787814 7.20044758693324 7.19774078742268 7.19788110558663 7.19801462074076
6.34196908981273 6.33123939844436 6.31840161125095 6.30331992925617 6.2864067817384 6.26918070867175 6.25356465771978 6.24767892886808 6.25623602521519 6.27939791939918 6.31482018421067 6.3735853137445 6.41832696742055 6.45814565332148 6.49239172339061 6.52204245449469 6.54880561838989 6.58265218959843 6.60794339008833 6.6344179534878 6.66254662171515 6.6921547210674 6.72227933725309 6.76443868516798 6.78556912169259 6.79464427040315 6.7978766502521 6.79962689111479 6.80665232047777 6.81563204229335 6.8288091509401 6.84572506356385 6.88825404582808 6.91418152631123 6.94750358867017 6.96382994923235 6.99666065429274 7.02720822504718 7.04466792443278 7.08148138813396 7.10282116451494 7.12552624502611 7.14777351935358 7.16789888347759 7.18326437622777 7.19351747029121 7.19992527138349 7.20052489605663 7.20258761177938 7.2080478991736 7.21520862791953
6.34163249245207 6.33101592116825 6.31809144791501 6.30250686073293 6.28443090126869 6.2652807787467 6.24809738128929 6.24016572326637 6.24607325728846 6.27330300472309 6.32530547462994 6.37761978011061 6.42762838210071 6.47123417757203 6.50757239335179 6.53769066949874 6.56355486401604 6.59548933648139 6.61841766103887 6.64236832682136 6.66815823885947 6.69590680511246 6.72487153169784 6.75909953999896 6.78669540941335 6.79631585197482 6.79969362678282 6.79850244417386 6.80394596538325 6.81068239453298 6.83819257053418 6.85767461250616 6.87892058101313 6.90059039867621 6.93783827492503 6.98511451065915 7.00037669283169 7.01383261705077 7.0648674965749 7.10285160317747 7.12274942369315 7.14269915335137 7.1615686695977 7.17261954280378 7.19009723343198 7.19735192194642 7.2000050072408 7.20082445139734 7.20447765703068 7.21388694155587 7.22630375851632
6.34366689960535 6.33420878461834 6.32273389016634 6.30881394115579 6.29244508061018 6.27483738717743 6.25844708360409 6.25185075844893 6.25949048350238 6.29188596529248 6.34592692366749 6.40083477603054 6.45340825528872 6.49850821077231 6.53455404433763 6.56249011228495 6.58468128365022 6.60398201661625 6.62987787080612 6.64950280770186 6.67124006994389 6.69521704431638 6.72068360163495 6.76113292876996 6.77556635741735 6.78958795697957 6.79299506029891 6.79474880759518 6.81045966784848 6.8205951461614 6.83465434599227 6.8519553387872 6.87161507006861 6.90531070592671 6.93090735510483 6.9883917122423 7.00788033712271 7.02591744788883 7.05084205573659 7.12280792908721 7.14138995265671 7.1537500855704 7.16871717254638 7.18700072542047 7.19624880436026 7.20180462496847 7.20398178184633 7.21065876076462 7.21657555134851 7.22952973114656 7.24059088529989
6.3472208523772 6.33970019968656 6.33095942432536 6.32073304117779 6.30906417448445 6.29697727722357 6.28477771104664 6.28355009137507 6.29528351157094 6.33360663200475 6.37958850785911 6.44424070530013 6.49750409918841 6.5422390940576 6.57561468128794 6.59843359738894 6.61381585808258 6.62563576755248 6.64333962599823 6.65684995641466 6.67302370733865 6.69173877465304 6.73966860692401 6.75064278839696 6.76174084997351 6.7763825809366 6.77915671484854 6.79485582645823 6.80636574098595 6.8189562245683 6.83083598174294 6.84637731513401 6.86510415125711 6.89865648773528 6.96355202325651 6.99462754033518 7.01880570340189 7.05049972574046 7.10892779945558 7.14159244230628 7.15471968683067 7.16909990618611 7.18703394011343 7.1967894704252 7.20493714193583 7.21082993554475 7.21548072857042 7.22596226873579 7.24234071038711 7.25664255808268 7.2785134093464
6.35094594791201 6.3454686968028 6.33979908020291 6.33404149707743 6.32853008269338 6.32424095873629 6.31854090661969 6.32530940591834 6.3539751030988 6.38821682265723 6.43678794208271 6.49369127858246 6.55748477858197 6.60172760130105 6.63076552030589 6.64565758127886 6.65110725218736 6.65266279865266 6.65933200403086 6.66531067049096 6.67499273046796 6.70340532729661 6.73061818081997 6.73843205148529 6.74584990943331 6.75135075617598 6.77149847669921 6.78604483963005 6.80011277669569 6.80607530003161 6.82329701292847 6.83836584285717 6.86860790136949 6.8918654686354 6.9666659383222 7.00275881691976 7.03211414305136 7.06925758809555 7.13056602742878 7.15925065664915 7.17148363736806 7.18896179208266 7.19794631668469 7.20613413611079 7.21470502913704 7.22297715635686 7.23250650803567 7.25164508236599 7.27495754285668 7.29496373647783 7.32052433560415
6.35343776246398 6.34924652097915 6.34562647248019 6.3430682418298 6.34232107675246 6.34457280843237 6.34572057078019 6.36050615701877 6.39762351423772 6.43865779256579 6.49427757273235 6.55883802206933 6.62073223949215 6.67099727411075 6.69506116770379 6.69999896531215 6.69330188947179 6.68288925033484 6.67443813402708 6.67480607563036 6.6934316443295 6.69985754202957 6.72205710049804 6.72693307684248 6.73113514044003 6.74457852473299 6.75503339659871 6.77167584321535 6.78563085448107 6.79155268985166 6.8021092799184 6.82687486084683 6.85698233445411 6.88333661658121 6.9696819794981 7.01152030432929 7.04637479742204 7.08841074222259 7.11810529270632 7.17498668458662 7.19364085063436 7.19879936076555 7.20465303276066 7.2113044509767 7.22120969953171 7.23501351754725 7.24993605182637 7.27557486390779 7.29897942453176 7.34003703977264 7.37259981234025
6.34555284801593 6.34960987149762 6.34600599377682 6.34373606138508 6.34393249137054 6.34838665225093 6.35970619653458 6.37547601418672 6.41999598802179 6.47124991544505 6.53855686864463 6.61501404322274 6.68594586210956 6.73504805370753 6.75565122887275 6.75064585935428 6.73226031873515 6.71078908930283 6.70685900429478 6.69746795782413 6.69545017290504 6.69750400931933 6.71489366639845 6.71742699637704 6.72978938056478 6.73018700380291 6.73799766620331 6.73549821592493 6.7626430165593 6.7690721048332 6.78819726105043 6.80794043796427 6.83333986364111 6.93143140232089 6.97185257838021 7.02002072856961 7.06921320020873 7.10611927485702 7.17313414765648 7.19212389987351 7.20102833060932 7.2040780145699 7.20458233834602 7.20975187251607 7.22193546845806 7.24165700778976 7.27374788505018 7.2993645746503 7.33363694374793 7.38820273440701 7.43224757715673
6.34527871372553 6.34072905047119 6.34130436041947 6.33641769305281 6.33354903833731 6.33533468370875 6.34598603072488 6.36695863580788 6.41750833363834 6.48051997760331 6.56101666965759 6.64920628590463 6.72742780941067 6.77783609915271 6.79374683827399 6.78208070155072 6.75707480207477 6.73798708212701 6.7175218604464 6.70337412066161 6.69673428825494 6.69572246047156 6.70921890955286 6.72027860708503 6.72028464397892 6.71875051332484 6.72272397709709 6.7246036867578 6.73798396229944 6.74546475233108 6.76198170610479 6.78602533778651 6.81614366702441 6.92055760668616 6.96948164896996 7.02839653417934 7.08854542892225 7.15945102620318 7.18576031258361 7.2005909859698 7.20483195176551 7.2027234053978 7.20068952503118 7.20550707520324 7.22081158144398 7.24581213652473 7.28329834481496 7.31416907267398 7.35794029924996 7.41617033688623 7.4746995229972
6.34409109232665 6.33780956844425 6.33077431692782 6.32334292973105 6.31850951351801 6.31530502689455 6.32219998612662 6.3447426008861 6.39817902511245 6.47016857698522 6.55963405238192 6.65332882405945 6.73263626731227 6.78177985546043 6.79703837575022 6.78681938988909 6.76418877201765 6.73838290254438 6.71504402809628 6.70450622345532 6.69498239682548 6.69368376448134 6.70466194015137 6.71442079508221 6.71347953738721 6.71103969295771 6.71182867840963 6.71032975087535 6.70763360019588 6.72042490186447 6.73923052371955 6.76661686077098 6.80045279703009 6.91735251741248 6.9763975845586 7.05002851573682 7.12707310207465 7.19218081646832 7.2130150967594 7.21923862870294 7.21580837816692 7.20752468411838 7.20354725678072 7.21201375134451 7.23498142346897 7.26423368985802 7.29895020402961 7.32664811871332 7.3757216945575 7.45140734260545 7.52305080463915
6.46942616414298 6.47551087271465 6.32700741098718 6.31717589883153 6.30768747014886 6.30174540288106 6.30566920410418 6.32798815071989 6.37918248409136 6.45241077038129 6.54117684697789 6.638100677046 6.71038246953294 6.75464318983802 6.77071527190931 6.76582231699303 6.7492203599695 6.72854787427481 6.70875882378674 6.69247848634151 6.68070185914613 6.6733926189289 6.70409140603344 6.71011116736311 6.70915877459963 6.70993718307948 6.70853737738775 6.70277842979922 6.70031506450064 6.70771550157862 6.72576196337275 6.75305842903945 6.85695534955499 6.94940627144298 7.02350979669135 7.09594171469641 7.18002364470353 7.21676296434264 7.23547172319701 7.24085451458656 7.23690997007491 7.22947837886479 7.22674068680842 7.23715127984225 7.26063457266583 7.29125872266764 7.32749709652127 7.36149669659975 7.39849846276543 7.47678887642029 7.55072581493732
6.24 6.49466909123621 6.5048217226561 6.51794145361866 6.5345992393588 6.55528800684301 6.58025197690774 6.60924834241115 6.37071371472243 6.44482998360371 6.52526382252372 6.60395805946634 6.667795911287 6.70950554240275 6.7290310146449 6.73131246807227 6.72289276025312 6.7095505782003 6.69538669318112 6.6828597493558 6.67315283502943 6.66656947018872 6.6975458081365 6.69821682948749 6.70691589104194 6.70532091756425 6.70699956831436 6.70394116240881 6.70206738631892 6.70509957425168 6.75484582029026 6.80577174254404 6.86845947659739 6.9736473073484 7.04690188396417 7.12396259630911 7.20997630995176 7.24640898256692 7.26899889166747 7.27852789215213 7.27701102308614 7.27391261674501 7.27500023065731 7.28543380522902 7.30990995544777 7.32639804343793 7.35602424690927 7.39154817364616 7.43510687996073 7.48049845518094 7.54075951372452
6.24 6.24 6.52185177118533 6.53536142243755 6.55177846150242 6.57131156904492 6.5939229871154 6.61918776391544 6.37732033688369 6.44166204778473 6.50847982685111 6.57436269829879 6.62939220535846 6.66817669241057 6.68540013761934 6.69363150518015 6.69259517010836 6.69398682010574 6.68680847436687 6.67971024712125 6.67387586046654 6.68210495413239 6.69332803567753 6.69481293213037 6.69646646353482 6.71442965620792 6.71617778879297 6.71063865136991 6.71785006821579 6.72413762785651 6.73893668023542 6.85977517769717 6.9285691871767 7.03543986573519 7.11226954094956 7.1943488276551 7.24751741693281 7.2874814363882 7.31913129338943 7.33554108041728 7.33923538331002 7.34083784956486 7.33666330732742 7.34122976245588 7.36207906765899 7.36204928859953 7.37980290032476 7.40329532176088 7.43373655627211 7.49944936401114 7.51899597755306
6.24 6.24 6.24 6.54869727014762 6.56425189206311 6.58213656988768 6.60217277788522 6.6238973992676 6.39194312080528 6.43572119041158 6.49878934955028 6.55056829684659 6.59558930416412 6.62990751357246 6.6526659793798 6.66531172331602 6.67039513273042 6.67060149006062 6.66821365134795 6.66492228035345 6.6618313968894 6.6761440313125 6.68871403723391 6.69096233898269 6.71015950717254 6.70815242386366 6.71693663554443 6.77607898969024 6.77908373646507 6.79588473570703 6.82855844792793 6.91508635877802 6.98310672792628 7.08436307099228 7.16163882950358 7.24258474292134 7.2971827698681 7.34324970419592 7.37893248723115 7.4038936444215 7.41803757148029 7.4038953978602 7.41483603810438 7.42247392816052 7.41869726560369 7.39847919615779 7.40204150790352 7.41150958345968 7.43752354178248 7.4747346903348 7.49342600526388
6.24 6.24 6.24 6.24 6.57302857123565 6.5891115487656 6.60666596877096 6.62526056639697 6.40690203901181 6.44133718605944 6.48093343576041 6.53495670972239 6.57119750564909 6.60063389109989 6.62224814550577 6.63651726400934 6.64480852619053 6.6487974359227 6.65007019608358 6.64991877558188 6.64927832133288 6.66960558047248 6.67348028304732 6.70992189425207 6.7358733540376 6.79607395541112 6.81235104249943 6.81261366166619 6.82127004605417 6.84648215105142 6.88264454571269 6.9316233249866 7.043710760324 7.11875654119143 7.2299909793707 7.29434716278649 7.3542318046213 7.4076639465894 7.4534504516432 7.48924461131922 7.51147043206725 7.50097251152792 7.49610769760216 7.47498055267547 7.43896842789043 7.44504275846141 7.43331801116531 7.42815249093323 7.42840849554671 7.44957994988841 7.44905615166248
6.24 6.24 6.24 6.24 6.24 6.24 6.6086220359651 6.62454409218395 6.4197373764163 6.44695792929629 6.47757286366621 6.50885796916374 6.5544712560771 6.57933227170652 6.59898300432714 6.61342670974268 6.62331922273109 6.62964303156719 6.63343879276129 6.63563556461563 6.63696848008711 6.66273610679659 6.70693216261226 6.73824272413275 6.81525808783617 6.81930699383506 6.84819637111518 6.85465315995956 6.87177445824602 6.89677296111257 6.93434839429978 6.9854252696377 7.04943460503387 7.17578674595299 7.28651896283092 7.34826380558507 7.41115081974629 7.47117465909584 7.5264163217469 7.57246694122472 7.58915813475294 7.60297540814761 7.58580386123881 7.55046496650626 7.4960532335253 7.45860439105258 7.45047543804951 7.43205623822244 7.44032866882717 7.42798929515874 7.41396762704742
6.24 6.24 6.24 6.24 6.24 6.24 6.24 6.24 6.63619650760138 6.45173127433758 6.47576013239123 6.50031264802507 6.52358567141074 6.54408151674647 6.58161644848646 6.5954207022862 6.6058379259728 6.61340812544741 6.61878209905022 6.62259556108697 6.65051788004824 6.7013905657361 6.70323607073016 6.79936474731468 6.83327178092513 6.84209651104322 6.88816011121987 6.90012422960308 6.91938142481587 6.94798483600328 6.98759685340132 7.0391130325905 7.1760126389606 7.26619945012065 7.35865801028438 7.40946367635643 7.47210101698417 7.53322483745656 7.5906292745955 7.63519259235992 7.66756079593915 7.67336762350863 7.64960032379643 7.60040381611563 7.5478821120641 7.48050652491818 7.4388568433441 7.40725899776098 7.43144302671903 7.41050298073977 7.38903729896975
6.24 6.24 6.24 6.24 6.24 6.24 6.24 6.24 6.24 6.64271774181415 6.65305248499941 6.49426698887578 6.51305296392095 6.53001804351797 6.54443915235357 6.58156003439752 6.59185601498055 6.59993358828025 6.60618095128727 6.66616140886788 6.69368672332297 6.69697439973565 6.6995148321538 6.81194491053647 6.85460870636305 6.91194120568824 -9999 -9999 -9999 -9999 -9999 7.17636659761001 7.23351438368559 7.32161534940321 7.3860542920862 7.4556522621662 7.5141494393142 7.57947415685373 7.61077065565345 7.65753395297012 7.69184930750633 7.69841396890742 7.67273158690597 7.62398931458869 7.56155748373567 7.48847301604695 7.43898762198784 7.40002242436496 7.38713133668278 7.36574529128406 7.34384486920926
-9999 -9999 -9999 -9999 -9999 -9999 -9999 -9999 -9999 -9999 -9999 -9999 -9999 -9999 -9999 -9999 -9999 -9999 -9999 -9999 -9999 -9999 -9999 -9999 -9999 -9999 -9999 -9999 -9999 -9999 -9999 7.23070468699517 7.31341020564846 7.36840419833747 7.39580930473024 7.49053079876761 7.52532052913466 7.57096389403908 7.61126723401907 7.6472869674789 7.67606532213167 7.68110379837527 7.65799694136344 7.6133569895729 7.55962459191009 7.45988624050076 7.4010179370124 7.3750082225238 7.34000321076064 7.31013341617902 7.28772063914199
-9999 -9999 -9999 -9999 -9999 -9999 -9999 -9999 -9999 -9999 -9999 -9999 -9999 -9999 -9999 -9999 -9999 -9999 -9999 -9999 -9999 -9999 -9999 -9999 -9999 -9999 -9999 -9999 -9999 -9999 -9999 7.28946448321999 7.36722331838526 7.40975651119871 7.4522010833728 7.49360123663214 7.53066280883585 7.56579778781293 7.59340900484985 7.6215145284915 7.63932333772888 7.64046504884051 7.61674630569759 7.56073897093547 7.50843970627804 7.43109104030216 7.39666291484186 7.34733349870779 7.3113248635603 7.28327120915968 7.24954500169029
-9999 -9999 -9999 -9999 -9999 -9999 -9999 -9999 -9999 -9999 -9999 -9999 -9999 -9999 -9999 -9999 -9999 -9999 -9999 -9999 -9999 -9999 -9999 -9999 -9999 -9999 -9999 -9999 -9999 -9999 -9999 7.3662707817206 7.40261951722301 7.43910428581539 7.47454838790163 7.50792765206796 7.52484872577882 7.56001684097733 7.57472432721312 7.59085551275389 7.59869895403047 7.5739637087751 7.55350624904162 7.51822112392646 7.47267640953771 7.39724979317772 7.36251996549873 7.31590223060608 7.27775082706878 7.23618838588657 7.21541273751889
-9999 -9999 -9999 -9999 -9999 -9999 -9999 -9999 -9999 -9999 -9999 -9999 -9999 -9999 -9999 -9999 -9999 -9999 -9999 -9999 -9999 -9999 -9999 -9999 -9999 -9999 -9999 -9999 -9999 -9999 -9999 7.4015475817265 7.43432484505706 7.46665901153127 7.49740611453929 7.52545329900942 7.53540578558028 7.55477117990335 7.56805768882535 7.57520887040369 7.54648941045772 7.53556188102651 7.51245078015852 7.47716445662948 7.4317890239783 7.3977947716322 7.31702182119353 7.26786381917921 7.22839911704908 7.19099286313486 7.17282426061545
