samples/wpf/HowDoISample/Data/GridFile/Mosquitos.grd
ncols 216
nrows 149
xllcorner 2448897.80785635
yllcorner 7081406.8396329
cellsize 300
NODATA_Value -999
[rows 100 to 119 of 149, columns 0 to 45 of 216]
63.8111031650933 64.0320428819483 64.2543411185162 64.4774852068552 64.7008874043477 64.9238813570303 65.1457206198327 65.3655802755655 65.5825630209224 65.7957114819883 66.0040289827644 66.2065115063367 66.4021941305168 66.5902157328931 66.7699061521512 66.9409001229421 67.1032819728936 67.2577640263777 67.4058996003637 67.5503281013682 67.6950448169514 67.8456815247292 68.0097763725958 68.1970035120722 68.4193262284098 68.6910339068688 69.0286254113852 69.4505111564123 69.9765237604276 70.6272508939793 71.423229474917 72.3840615550783 73.5275227283759 74.8687293354573 76.4194106961134 78.1873011056237 80.1756308867782 82.382665159035 84.8012208395175 87.4180917900488 90.2133311779139 93.1593790638199 96.2200806214086 99.3497134788395 102.492225924757 105.580970172048
63.8557620818545 64.0756887393899 64.2969706178439 64.5191304839406 64.7416267829487 64.9638523895261 65.1851357452857 65.4047454128931 65.6218993680625 65.8357806930283 66.0455617219374 66.2504391034465 66.4496826556453 66.6427012370723 66.8291290578277 67.0089357812965 67.182563252451 67.3510905280073 67.5164268523571 67.6815291178215 67.8506360553276 68.0295059983947 68.2256389327811 68.4484574821714 68.7094167332161 69.0220109663128 69.4016480717071 69.8653708620013 70.4314187054956 71.1186413319326 71.9457959847492 72.9307747765816 74.0898165921872 75.4367541294941 76.9823314089705 78.7336032566999 80.6934013816486 82.8598283343926 85.2257269525995 87.7780733177553 90.4972582126652 93.3562562594786 96.3197325346132 99.3432009313449 102.372421267114 105.343292334742
63.8944318081682 64.1133872504693 64.3337342759576 64.5550371996244 64.7768071684235 64.998503061963 65.2195350321283 65.4392716760469 65.6570520899293 65.8722043390342 66.0840721915446 66.2920522815595 66.4956441541 66.6945158485806 66.8885877172689 67.0781369437983 67.2639245871671 67.4473457711176 67.6306017080449 67.8168894662205 68.0106017258363 68.2175243548043 68.4450148455435 68.7021401691156 68.9997494062726 69.3504557855673 69.7685056250822 70.2695188368608 70.8700969570227 71.5873087809727 72.4380780915637 73.4385093807407 74.6031926754902 75.9445255036987 77.4720785679789 79.1920140031481 81.1065452109787 83.21341014734 85.5053203538051 87.9693497267618 90.5862423430304 93.3296485114332 96.1653420183946 99.0505267823225 101.933402294267 104.753214119795
63.9273613679223 64.1453924862491 64.3648870307074 64.5854555206109 64.8066665095982 65.0280494347287 65.2491002744705 65.469290954256 65.688083651366 65.904951384224 66.1194065124515 66.3310390016917 66.539566486999 66.7448982501223 66.9472151396795 67.1470671191543 67.3454894183078 67.5441370729877 67.7454358607397 67.9527452105869 68.1705256053317 68.4044994617371 68.6617908137602 68.9510258982714 69.2823747068849 69.6675135709573 70.1194916397963 70.6524900779327 71.2814716826883 72.0217293157512 72.8883521653447 73.895637057458 75.0564755951104 76.381745438104 77.8797255577588 79.5555424304222 81.41063983611 83.4422528994022 85.6428609283715 87.999596517177 90.4936023147167 93.0993526692313 95.7839944738872 98.5068074905416 101.218933928372 103.863570849343
63.9547621390687 64.1719137411261 64.3906309767611 64.6105737269256 64.8313708385196 65.0526246729794 65.2739185519585 65.4948279667055 65.7149365910358 65.9338583190933 66.1512667247749 66.3669334879471 66.5807774211574 66.7929257144978 67.0037888367391 67.2141501156142 67.4252702879063 67.6390061798234 67.8579410862345 68.0855223420515 68.3261990734172 68.5855503437037 68.8703911723448 69.1888416534625 69.5503432024763 69.9656064085858 70.4464775496308 71.0057157125918 71.6566793585884 72.412929200924 73.2877620355495 74.2936960147901 75.4419302742757 76.7417999162596 78.2002412190099 79.8212728073384 81.6054885723167 83.5495501156333 85.6456632132765 87.8810266313977 90.237254223546 92.6897932336229 95.2073924725892 97.7517111108259 100.27719734468 102.731398062561
63.9768101880777 64.1931189983314 64.4111202798937 64.6305249655556 64.8510233397081 65.0722910071225 65.2939977701386 65.5158201969801 65.7374587992343 65.9586608700074 66.1792501518498 66.3991645843876 66.6185033964993 66.8375847182089 67.0570146450961 67.2777682370508 67.501282214828 67.7295580792595 67.9652729865124 68.2118939752851 68.4737891278097 68.7563271107936 69.0659545398642 69.4102390932 69.7978656818465 70.2385736736669 70.7430254593309 71.3226005978816 71.9891150945012 72.7544713597597 73.6302500628288 74.6272592625903 75.7550578661325 77.021469068865 78.4320951226673 79.9898384960371 81.6944278533716 83.5419423221448 85.5243263309081 87.6288916971322 89.8378148518965 92.1276554958762 94.4689478317714 96.8259445045832 99.1566221436348 101.413079114026
63.9936495944814 64.2091394682501 64.4264672304613 64.6453951806775 64.8656745869271 65.087052781386 65.3092831071715 65.5321384078463 65.7554288516665 65.9790249736853 66.2028868869008 66.4271006395917 66.6519226543614 66.8778330431015 67.1055983130711 67.3363435209831 67.5716332540302 67.8135598879459 68.0648363816927 68.3288894402704 68.6099472860067 68.9131146629795 69.2444262668244 69.6108688111939 70.0203617102193 70.4816871454998 71.0043622668851 71.598449435367 72.2743044926929 73.0422675113092 73.9123046094967 74.8936124120031 75.9941979282649 77.2204456803165 78.5766810106696 80.0647343586376 81.6835071118581 83.4285369123058 85.2915605627443 87.2600772634052 89.3169246669748 91.4398953207916 93.6014406368571 95.7685314623896 97.9027648604389 99.9608202911513
64.0053964830583 64.2200748491158 64.4367490039903 64.6552316914922 64.8753333049204 65.0968698170165 65.3196734456605 65.5436066528732 65.7685801441793 65.9945755902208 66.2216738200144 66.4500892185449 66.6802109789949 66.9126516860446 67.1483034123453 67.3884010658919 67.6345921057617 67.8890109320913 68.1543552568355 68.4339606077209 68.7318678811215 69.0528776590003 69.4025840056975 69.7873798624898 70.2144261707791 70.6915776550032 71.2272598749943 71.8302946675347 72.5096742174241 73.2742873346965 74.1326045474838 75.0923308063441 76.1600355044826 77.3407689684427 78.6376727370937 80.0515883785213 81.5806671807528 83.2199818802368 84.9611427703529 86.7919249906422 88.6959220826709 90.6522529663355 92.6353644848258 94.6149876886926 96.5563199492167 98.4205124228593
64.0121434949281 64.2259989842004 64.4420147366706 64.66005194966 64.8799771032669 65.1016704447966 65.3250370472309 65.5500209461265 65.7766229023016 66.0049223626325 66.2351041869317 66.4674906607735 66.702579204755 66.9410859999806 67.1839954562922 67.4326150340195 67.6886343769154 67.9541870189653 68.2319121031671 68.5250126321437 68.8373058242936 69.1732602734761 69.5380139332361 69.9373666152251 70.3777408501561 70.866105719583 71.409859670346 72.0166703113875 72.6942715853906 73.450221213073 74.2916235612231 75.2248247219254 76.2550873376544 77.3862524765201 78.6203948137076 79.957475933881 81.3949993842583 82.9276709590917 84.5470693617745 86.241336494257 87.9949034712886 89.7882778716382 91.5979288902856 93.3963183098932 95.1521340375231 96.8307859975661
64.0139644540515 64.2269656271723 64.4422925775832 64.6598520841775 64.8795627337569 65.1013637023391 65.3252259144614 65.5511659956297 65.7792634540827 66.0096815293461 66.2426921168758 66.4787051084827 66.7183023633389 66.9622763291426 67.2116730526119 67.4678389404244 67.7324701490969 68.0076628976831 68.2959623273146 68.6004068117997 68.9245639109309 69.272553532273 69.6490534258206 70.0592819850828 70.5089535657439 71.0042022268367 71.5514709633123 72.1573650735251 72.8284701491557 73.5711370752993 74.3912381315278 75.293899548906 76.283216535703 77.361956802223 78.5312581330119 79.7903248938962 81.1361279918894 82.5631132771824 84.062925218154 85.6241562867587 87.2321379957822 88.8687966761284 90.5126051085938 92.1386686679415 93.7189897122795 95.2229540616431
64.0109190186041 64.2230140728462 64.4375964412724 64.6546149239569 64.8740355310262 65.0958503319654 65.3200884640065 65.5468296317729 65.7762204338625 66.0084938354461 66.2439920610528 66.4831930989242 66.7267408770292 66.9754789802155 67.2304875182129 67.4931224184272 67.7650560041692 68.0483172349982 68.3453294495511 68.658942895078 68.9924588000285 69.3496413093214 69.7347133297581 70.1523323009286 70.6075421801243 71.1056985478307 71.652364702001 72.2531778608946 72.9136860272269 73.6391575272782 74.4343665533942 75.3033590488114 76.2492038799221 77.2737344394643 78.3772857318679 79.5584318480596 80.8137288759963 82.1374690927924 83.521454091712 84.9547975416366 86.4237725749376 87.9117240647736 89.3990716136522 90.8634338293613 92.2799068950645 93.6215287402928
64.0030571439081 64.2141744596724 64.4279322482258 64.6443172705403 64.8633378003759 65.0850323452873 65.3094802953388 65.53681475657 65.767237816369 66.0010384584813 66.2386132897642 66.4804901515143 66.7273545574253 66.9800787205307 67.2397526969186 67.5077168816646 67.7855947443393 68.075324296631 68.3791863611854 68.6998272873142 69.0402733752935 69.4039339754699 69.7945900756757 70.2163652336603 70.673675993116 71.1711594643259 71.7135765448719 72.3056902568623 72.9521198030001 73.6571720853102 74.4246534690439 75.2576654079757 76.1583881182163 77.1278568068371 78.165735122766 79.2700906745984 80.4371778861302 81.6612343876134 82.9342987850946 84.2460601272052 85.5837526449682 86.9321130892125 88.2734216638906 89.5876502843003 90.8527425464113 92.0450471026896
63.9904232220542 64.2004725993399 64.4133035025824 64.6289362702019 64.8474160109826 65.0688210346189 65.2932729751301 65.5209487978127 65.7520948607708 65.9870431641665 66.2262298588856 66.4702159957058 66.7197103707467 66.9755941581807 67.2389468138125 67.5110724830048 67.7935258576197 68.088136108991 68.3970271941991 68.722632515549 69.067701639956 69.4352965934748 69.8287751763118 70.2517588323357 70.7080828819179 71.2017273990332 71.7367276716601 72.3170639918744 72.9465314180026 73.628591058807 74.3662052689123 75.1616598501808 76.0163768932524 76.9307222831412 77.9038122044751 78.9333233391266 80.0153120092684 81.1440484439154 82.3118737617256 83.5090892084318 84.7238895732433 85.9423552704053 87.1485198443416 88.3245309733968 89.4509225855523 90.5070125841654
63.9730598006173 64.1819342349945 64.3937161127806 64.60845480271 64.8262267335304 65.047143405737 65.2713608652855 65.499090772668 65.730613174515 65.9662910420739 66.2065865774753 66.4520792005545 66.7034850124306 66.961677384293 67.2277081398306 67.5028285890179 67.7885094346844 68.0864583211335 68.3986335409779 68.7272521826926 69.0747908123976 69.4439766675719 69.8377673267388 70.2593169331898 70.7119273100345 71.1989827130913 71.7238675159676 72.2898667791691 72.900050377807 73.5571420965195 74.2633757917828 75.0203413292242 75.8288235093949 76.6886376156636 77.5984656051525 78.5556974026799 79.5562823512647 80.5945967189328 81.6633343239908 82.7534288154391 83.8540178271699 84.9524608826936 86.0344241907837 87.0840458422499 88.0841938092351 89.0168259762369
63.9510108172007 64.1585886708781 64.3691824098867 64.5828658613282 64.7997413270722 65.0199470803773 65.2436661033554 65.471136150353 65.7026611921148 65.9386242506932 66.1795015725017 66.4258780038452 66.6784633273925 66.938109188099 67.2058260833152 67.4827997168142 67.7704058257261 68.0702223919313 68.3840379582279 68.713854601242 69.0618839873797 69.4305348765813 69.8223904621552 70.2401740610607 70.6867019085769 71.1648221656343 71.6773397058562 72.2269267902264 72.8160203279658 73.446707025006 74.1205983001678 74.8386973771326 75.601261428096 76.4076620657403 77.2562478906378 78.1442132570558 79.0674779850119 80.0205834748703 80.9966115970071 81.9871338038705 82.9821990410141 83.9703700232908 84.9388180048714 85.8734859409002 86.7593285083923 87.5806344458918
63.924324316758 64.130471751531 64.3397243590031 64.5521759445314 64.7679494305383 64.987203771008 65.2101418997161 65.4370197574832 65.668156411622 65.9039452359178 66.1448660598158 66.3914981191625 66.6445335466072 66.9047910273452 67.1732291164503 67.4509585706494 67.7392528954669 68.0395561563185 68.3534869602587 68.6828373971796 69.0295656506564 69.3957809654196 69.783719705624 70.1957113676234 70.6341336295068 71.1013558266525 71.5996706291733 72.131214146348 72.6978751715483 73.301194782396 73.9422580003459 74.6215796741524 75.3389871772654 76.093502909508 76.8832299924434 77.7052449801219 78.5555019087604 79.428752606186 80.3184888748983 81.2169129106047 82.1149430258509 83.0022622584375 83.8674175388744 84.6979765074317 85.4807475345097 86.2020657722733
63.8930546441231 64.0976281975746 64.3053759912315 64.5164075146511 64.7308613507067 64.9489114668503 65.1707743499184 65.3967169978328 65.6270657491185 65.8622158879616 66.1026419071194 66.3489082423011 66.6016802091827 66.8617347784247 67.1299707165834 67.4074175048729 67.6952423284009 67.9947543128571 68.3074050827347 68.6347846357836 68.9786114843763 69.3407160177574 69.7230161005216 70.1274840502111 70.5561043345756 71.0108215954038 71.4934789335795 72.0057467662791 72.5490429749772 73.1244454835299 73.7325988220667 74.3736166328647 75.0469824549853 75.7514514908595 76.4849564245439 77.244520747414 78.026183470621 78.8249395723891 79.634701029241 80.4482837697901 81.2574262854819 82.0528458104989 82.8243377815404 83.560923523033 84.2510495936155 84.882839836047
63.857264124718 64.0601133275487 64.2661851075448 64.475600603139 64.6885094622469 64.9050954913966 65.1255829768405 65.350243666079 65.5794043666827 65.8134550787981 66.052857527359 66.298153899302 66.549975520042 66.8090511229673 67.0762142776528 67.3524094500133 67.6386960753138 67.9362499388476 68.2463610866586 68.5704274384196 68.9099432555857 69.2664816390756 69.6416702996751 70.0371599665693 70.4545849770975 70.8955158222738 71.3614037018632 71.8535174600975 72.372873615964 72.9201605570223 73.4956583207833 74.0991557342249 74.7298670166398 75.386350276109 76.0664306526651 76.7671311906877 77.4846148653791 78.2141415402086 78.9500439748021 79.6857272942377 80.4136965027537 81.1256165821306 81.8124093404054 82.4643903439234 83.0714478600205 83.623263682785
63.8170242621389 64.0179942117012 64.2222143223742 64.4298136576367 64.6409487486181 64.8558086006649 65.0746202196762 65.2976546278525 65.5252333086828 65.7577349838523 65.9956025798167 66.2393501889502 66.4895697698241 66.7469372644348 67.0122177389997 67.286269082246 67.5700437249422 67.8645877818672 68.1710369685212 68.4906086163661 68.824589109164 69.1743160956269 69.5411549055473 69.9264687114972 70.3315821372004 70.7577382150137 71.2060488337954 71.6774390873182 72.1725862230176 72.691854191377 73.2352250986751 73.802229163443 74.3918750663367 75.0025828640535 75.6321219126279 76.2775565161483 76.9352022825033 77.6005964193139 78.2684854197031 78.9328337319904 79.5868570249412 80.2230834792561 80.8334460735758 81.4094080053237 81.9421221234707 82.4226235160552
63.772416492627 63.971350314666 64.1735415247428 64.3791237340253 64.5882566171981 64.8011302908918 65.0179700789567 65.2390416206895 65.4646562505625 65.6951765445787 65.9310218889277 66.1726738812867 66.4206813245426 66.6756645180955 66.9383184951483 67.2094147981558 67.4898013323712 67.7803997934423 68.0822001341252 68.3962515226587 68.7236492564432 69.0655171342202 69.4229848618211 69.7971601731348 70.1890954896996 70.5997491175475 71.0299411847105 71.4803047513526 71.9512327697367 72.4428218256842 72.9548138498701 73.4865372406159 74.0368490860689 74.6040804108011 75.1859865987976 75.7797053595794 76.381724801556 76.987864345258 77.5932713285166 78.1924361946544 78.779229070505 79.3469602810831 79.8884668545597 80.3962262907391 80.8624977590788 81.2794894474509
