samples/wpf/HowDoISample/Data/GridFile/Mosquitos.grd
ncols 216
nrows 149
xllcorner 2448897.80785635
yllcorner 7081406.8396329
cellsize 300
NODATA_Value -999
[rows 0 to 19 of 149, columns 46 to 91 of 216]
33.4887384256763 32.9842267301513 32.4715247004 31.9523105635394 31.4286062761723 30.902805084235 30.3776941969956 29.8564702426437 29.3427448750081 28.8405377072401 28.3542537196442 27.8886424910931 27.4487370993591 27.0397713732936 26.667075378176 26.3359505497704 26.0515276811349 25.8186128648648 25.6415283003622 25.5239563500814 25.468796123587 25.4780419739252 25.552692480372 25.6926967584441 25.8969424136579 26.1632864006785 26.4886268171441 26.8690106383021 27.2997699382569 27.7756775070229 28.2911120891503 28.8402237269766 29.4170907527364 30.0158616158945 30.6308766938374 31.2567672615188 31.8885306772755 32.5215824288231 33.1517868941053 33.7754694858658 34.3894132932935 34.9908434659905 35.5774024766896 36.1471191234273 36.6983737563503 37.2298617943985
33.2558132313905 32.7239172079494 32.1818302916716 31.6312231483435 31.0741477647267 30.5130731628199 29.9509165353547 29.3910670621394 28.8373992276163 28.2942721238174 27.7665110686271 27.2593679868525 26.7784574825445 26.3296664534068 25.9190365068527 25.5526203216891 25.2363153727707 24.9756809227099 24.7757466224217 24.6408231238193 24.5743264456341 24.5786281404601 24.6549423901828 24.8032589775271 25.0223278107086 25.3096966710451 25.6617995999494 26.0740893813619 26.5412043983251 27.0571581013282 27.6155385831023 28.2097062688717 28.8329792895337 29.4787983822578 30.1408657915758 30.813255280907 31.4904927367469 32.1676087764723 32.8401661724545 33.5042657779041 34.1565350402183 34.7941032062801 35.4145670643921 36.0159506288103 36.5966616408789 37.1554472026233
33.0336175780834 32.4736785191507 31.9013361366113 31.3182286310054 30.7264143908084 30.128417271724 29.5272679077372 28.9265378810487 28.3303629577678 27.7434510679244 27.1710703718236 26.6190127301163 26.093528311932 25.6012280546646 25.1489523153656 24.7436063438385 24.3919660774148 24.100460998562 23.8749440715106 23.7204616412053 23.641038149123 23.6394911490539 23.7172910872956 23.8744775734194 24.1096396204183 24.4199620609525 24.8013347325093 25.248515823666 25.7553366669802 26.314932729588 26.9199847890826 27.5629551984955 28.2363064111385 28.9326920797897 29.6451145520863 30.3670459943666 31.092513342494 31.8161495921412 32.5332155274144 33.2395968768837 33.9317821822069 34.6068265042375 35.2623056190258 35.8962647024288 36.507164773881 37.0938294460291
32.8245790043473 32.2361238795918 31.6328391788556 31.016301463232 30.3885469051436 29.7521276261994 29.1101650623235 28.4663967423964 27.8252120201456 27.191671518592 26.5715044553054 25.9710777717654 25.3973312705381 24.8576739491841 24.3598385542483 23.9116941259359 23.5210198971531 23.1952481105123 22.9411876958885 22.7647447167995 22.6706583644245 22.6622724051016 22.7413609051616 22.9080236222262 23.1606609267159 23.4960311632713 23.9093859338081 24.3946719422083 24.9447827328239 25.5518405276952 26.2074876581294 26.9031686180338 27.6303870350813 28.3809261747246 29.1470262477869 29.9215161725518 30.6979011134304 31.4704098491057 32.2340077644299 32.9843820993736 33.7179061939834 34.4315890419343 35.1230157032343 35.790283197007 36.4319355273098 37.0469005777519
32.6313275697155 32.0141118634852 31.3794299967118 30.7287634962891 30.0640925658663 29.3879650135971 28.7035636755448 28.014768295362 27.3262066984631 26.6432889962471 25.9722176209576 25.3199654240066 24.6942141117194 24.1032462009115 23.5557856829333 23.06078582803 22.6271670158281 22.2635128823736 21.9777388966741 21.7767529328908 21.6661315407004 21.6498374992358 21.7300031636366 21.9067998163069 22.1784060383062 22.5410789257562 22.989322129615 23.5161356866991 24.1133257561108 24.7718485502516 25.4821622257058 26.2345629569581 27.0194860891877 27.8277591656797 28.6507997659029 29.4807566679575 30.3105973353269 31.134147883873 31.9460935166454 32.7419480962628 33.5180013211493 34.2712511680828 34.9993281196027 35.7004164207034 36.3731763561941 37.016670404243
32.4566822994963 31.8107360684652 31.1444870265747 30.4592843515238 29.7570134967676 29.0401792162364 28.3119891154347 27.5764333109664 26.8383543305554 26.1034998818788 25.3785497326098 24.6711069232998 23.9896431968672 23.3433892352167 22.7421623958163 22.1961283941317 21.7154988335177 21.3101733819718 20.9893430867855 20.7610787688023 20.6319343398813 20.60659789459 20.6876224784106 20.8752630793444 21.1674370114325 21.5598126973323 22.0460187905373 22.6179537086541 23.2661668180737 23.9802778879613 24.7494013097165 25.5625454062229 26.4089637790026 27.2784436445016 28.1615241463147 29.0496446583877 29.9352284912945 30.8117109634652 31.6735226067446 32.5160386477568 33.3355052371271 34.1289515800038 34.8940954890746 35.6292481893922 36.333222622785 37.0052481253096
32.3036289289251 31.6293050390523 30.931660042099 30.2118701482773 29.4716826929525 28.713514661996 27.9405544206119 27.1568619362424 26.3674609584026 25.5784146288169 24.7968740350024 24.0310875869125 23.2903581964597 22.5849355663409 21.9258329622785 21.3245620778154 20.7927861888705 20.3419005137261 19.9825587777141 19.7241750885697 19.5744385678508 19.53888283528 19.6205518224911 19.8197967515249 20.1342268955766 20.5588206411242 21.0861860288997 21.7069443296535 22.410198871517 23.1840458401052 24.0160843961197 24.8938892799394 25.8054183748035 26.7393384697549 27.6852628796815 28.6339033236568 29.5771448309184 30.50805629487 31.4208508979166 32.3108104807839 33.1741865956578 34.0080889866913 34.8103700039802 35.5795112744132 36.3145170059738 37.0148166791211
32.1752875840978 31.4733106406021 30.7448405454811 29.9908376148368 29.2128639743587 28.4131987911287 27.5949601017563 26.7622283704945 25.9201646615638 25.0751137492316 24.2346798186558 23.407759975612 22.6045190909904 21.8362892095224 21.1153785821109 20.4547800067896 19.8677759842097 19.367449088614 18.9661190577754 18.6747417030894 18.5023164070402 18.4553559896528 18.5374727467246 18.7491262799229 19.0875628417519 19.5469546232328 20.1187244202113 20.7920205974877 21.554292784907 22.3919123491726 23.2907835785454 24.2369002037563 25.2168148099028 26.2180030478917 27.2291179031747 28.2401399918836 29.2424371890501 30.2287508664354 31.1931271497702 32.1308106575547 33.0381159428379 33.9122890035431 34.7513682638262 35.5540516896637 36.3195743656011 37.0475989918802
32.0748692076582 31.3463832039751 30.5881167821066 29.8007705490179 28.9856719629663 28.1449081746929 27.2814696172006 26.3993995074993 25.503941720939 24.6016762874898 23.7006282365971 22.810332067959 21.9418313621356 21.1075918096722 20.3213072362103 19.5975830372599 18.9514905328103 18.3979991881815 17.9513104985073 17.6241354582757 17.4269736831726 17.3674626031669 17.4498662763305 17.6747633709088 18.0389732278405 18.5357308011605 19.1550908632663 19.8845150128286 20.7095766489193 21.6147118688051 22.5839481847058 23.6015556705375 24.65258292277 25.7232591349104 26.8012604634482 27.8758517471796 28.9379228357464 29.9799425830939 30.9958538592877 31.9809308414255 32.9316164183192 33.8453536337729 34.7204212909005 35.5557804945492 36.3509361784835 37.1058155737864
32.0056198567405 31.2522320698027 30.4657113580543 29.646455780923 28.7955082065504 27.9147072545654 27.0068539049015 26.0758892052687 25.1270753408741 24.1671684036421 23.2045666855534 22.2494136287718 21.3136304085707 20.4108505590967 19.5562294214146 18.7661059444492 18.0575046926833 17.4474822338452 16.9523434969113 16.5867775903379 16.3629846564361 16.2898803155216 16.372467164643 16.611450686889 17.0031502392575 17.539718795762 18.2096450599368 18.9984766111408 19.8896796554581 20.8655431743732 21.9080423532427 22.9995944524631 24.1236643980321 25.2652019662158 26.4109134406755 27.5493857780376 28.6710901180504 29.7682946649424 30.8349159575591 31.8663338974291 32.8591909890892 33.8111910932332 34.7209082582652 35.5876122215062 36.4111140681138 37.1916332672512
31.9707524939024 31.1945706898411 30.3818999810589 29.5327963072093 28.6479700094736 27.7289548566363 26.7782983761797 25.7997694791891 24.7985757446644 23.7815780476623 22.7574845927207 21.737000250535 20.7329011932712 19.7600004645046 18.8349690492239 17.9759812408339 17.2021644734996 16.5328532670338 15.9866737880886 15.5805166642046 15.3284855094867 15.2409298799033 15.3236769926735 15.5775620489348 15.9983226594679 16.5768744528901 17.299932475411 18.1508978278055 19.1109002988278 20.1598798991122 21.2776019639963 22.4445262934795 23.6424830358425 24.8551395201826 26.0682679002598 27.2698408394317 28.4499914302795 29.6008755277205 30.7164717824878 31.7923490001597 32.8254237413514 33.8137245156397 34.756173197098 35.6523897000132 36.502522530138 37.3071054476729
31.9733665721641 31.1770262195836 30.3409107090122 29.4647001932922 28.5487294793802 27.5941745305865 26.6032665319241 25.5795303851425 24.5280404645374 23.4556810232494 22.3713918184242 21.2863716789409 20.2142047290907 19.1708673127786 18.1745705350823 17.2453964624423 16.4046980981773 15.6742560465292 15.0752179495763 14.6268867783385 14.3454637479683 14.2428812199958 14.3258704951231 14.5953922690209 15.0465136385107 15.6687526155209 16.4468429312729 17.3618141052995 18.3922466361813 19.5155550809022 20.7091702466161 21.9515274248451 23.2228099822451 24.5054372494473 25.7843163278025 27.0468967121325 28.283075089392 29.4849976977676 30.6468021984133 31.7643328644972 32.8348541104159 33.8567792953112 34.8294250155991 35.7527959559998 36.6274017118567 37.4541045957649
32.0163565778631 31.2030345678606 30.3468043019968 29.4469452330819 28.503381857049 27.5168864521522 26.489316092764 25.4238820175169 24.3254450574964 23.2008246651939 22.0591010247523 20.9118800313818 19.7734804692342 18.66099320161 17.5941563028424 16.5949913433975 15.6871582850848 14.8950125418601 14.2423880480627 13.7511807660666 13.4398590333901 13.3220675104413 13.4055064814433 13.6912482989409 14.1735971621404 14.8405173958506 15.6745677314134 16.6542059837324 17.7552862846174 18.9525659993804 20.2210671475751 21.5371855347654 22.8794954785921 24.2292468732894 25.5705871337414 26.8905611543564 28.1789494792669 29.4280020573638 30.6321162896287 31.7874970021484 32.8918249129126 33.943950503612 34.9436225535316 35.8912549994305 36.7877320136289 37.634248879775
32.1023117094756 31.2757231303266 30.4033378211329 29.4840212249862 28.5172644134719 27.5034011953958 26.4438664379818 25.3414952144313 24.2008577826255 23.02861859325 21.8338982462311 20.6286056742048 19.4276946431071 18.2492857865643 17.114586014953 16.0475357293358 15.0741259611028 14.2213567223224 13.5158558855243 12.9822407984758 12.6413716615016 12.5086995516136 12.5929342182206 12.8952338591887 13.4090493960767 14.1206526823188 15.0102668107411 16.0536255853223 17.2237394981676 18.4926443901516 19.8329489347519 21.2190611653262 22.6280433146609 24.0401031378697 25.4387705227101 26.8108291778666 28.146077748561 29.4369880826865 30.6783158116376 31.8667040588696 33.00030763496 34.0784539051495 35.1013480579669 36.0698246165504 36.9851432909347 37.8488251607515
32.2334099753076 31.3977848575039 30.5138154323885 29.5799540079799 28.59525003532 27.5595791487328 26.4739203044457 25.3406824388629 24.1640773500078 22.9505281830286 21.7090924886455 20.4518652248788 19.1943109707219 17.9554579627793 16.7578730008285 15.627331265311 14.5921053459356 13.681829529252 12.9259515369641 12.3518605960926 11.9828649242595 11.8362618956259 11.9217755986026 12.2406105818153 12.785284363822 13.5402720367602 14.483357302562 15.5874727435603 16.8227550331324 18.1585458442441 19.5651247941225 21.0150435287313 22.4840152129208 23.9513829515126 25.4002353907483 26.817257895231 28.1924085282167 29.5184967105977 30.7907254455587 32.00624016945 33.1637114800581 34.2629664628088 35.3046742744389 36.2900856528952 37.2208224629363 38.0987115967212
32.4113110932119 31.5713487799455 30.6809323218609 29.7381179519687 28.7415229183742 27.6905635578659 26.5857479897862 25.4290268499371 24.2242007956672 22.9773758342616 21.6974461345286 20.3965685161338 19.0905737490059 17.7992390770589 16.5463280557464 15.3592943509912 14.2685540143818 13.3062643724714 12.5046119253578 11.8937032381926 11.4992565676326 11.340381093212 11.4277731751532 11.7626301646943 12.3364772570434 13.1319436622467 14.1243540130562 15.2838671688934 16.5778308856503 17.9730348542694 19.4376191643856 20.9424992689597 22.4622708752349 23.9756374482338 25.4654505999202 26.9184714895471 28.3249572586061 29.6781596845788 30.9738015021219 32.2095745466395 33.3846859034562 34.4994646180455 35.5550321114031 36.5530335581074 37.4954242611149 38.3843036853246
32.6370535464857 31.7978534726622 30.9066195080645 29.9610461613819 28.9593472457993 27.9004997798163 26.7845483445012 25.6129753936073 24.3891384879978 23.1187675694447 21.8105032244152 20.4764397530406 19.1326149500644 17.7993636606456 16.5014287462284 15.26770854899 14.130524517227 13.1243272765356 12.2838313860724 11.6416759667226 11.2258331505809 11.0570963569392 11.1470355886919 11.4967751095941 12.0968231989504 12.9279915671542 13.9632377930657 15.1701074949481 16.5133842104144 17.9575808994611 19.4690033807792 21.0172429404435 22.5760749596186 24.123828528922 25.6433408237498 27.1216240681835 28.5493628639839 29.9203368784398 31.2308373864817 32.4791216489011 33.6649293244013 34.7890707323752 35.853087303659 36.8589789773034 37.8089905434851 38.7054480508578
32.9109618477628 32.0779309935613 31.1918988864605 30.2502498874471 29.2508429004145 28.1922577606911 27.0741069254187 25.8974199826932 24.6651042503684 23.3824768812273 22.0578512000173 20.7031414844271 19.3344259342939 17.9723787942615 16.6424540399747 15.3746830380598 14.2029491692545 13.163637098239 12.2936331756572 11.6277753787215 11.1959972758305 11.0205423283702 11.113693445041 11.4764279500816 12.0982608803747 12.9583131820488 14.0274026755589 15.2707770310701 16.6510365088531 18.1308347150986 19.6750656425841 21.252395330014 22.8361321440635 24.4045247407989 25.9406249021953 27.4318613633844 28.8694541190994 30.2477699400833 31.5636889075153 32.8160245281818 34.0050188787283 35.1319194871062 36.1986353911624 37.2074647166264 38.1608839161323 39.0613884542906
33.2325703417885 32.411309370746 31.5367587738697 30.6060601536821 29.6167846005434 28.567178266971 27.4564768357538 26.2852982205882 25.0561189535608 23.7738320228723 22.4463709665635 21.0853655033734 19.7067674056926 18.3313530720361 16.9849759324985 15.6984164532845 14.5066737463971 13.447576713698 12.5596770586812 11.8795220123837 11.4385708288788 11.2601719306814 11.3570992398751 11.7301085100396 12.3678059620511 13.2478619404445 14.3393310994218 15.605642835149 17.007754303888 18.5070152455012 20.0674375475921 21.6572340673507 23.2496403894283 24.8231326051471 26.3611997892036 27.8518327138885 29.2868670593396 30.6612851114742 31.9725452882068 33.2199795526818 34.4042768962315 35.5270563757475 36.5905243794809 37.5972063041167 38.5497412252927 39.4507283057527
33.6005696164498 32.7967415585046 31.9400602655514 31.0275049864886 30.0564417885764 29.024865195049 27.9317108548703 26.7772500718722 25.5635735392485 24.2951642253677 22.979546385971 21.6279775562898 20.2561222817298 18.8846113610481 17.5393530450941 16.2514324857673 15.0564277567133 13.99300329112 13.1007300256658 12.4172282148124 11.974912307978 11.7977883758314 11.8988475175103 12.2785578891677 12.9247701625457 13.8140622642494 14.9142505383165 16.1875822945537 17.5940565105148 19.0943931645741 20.652336992068 22.2361709099078 23.8194731632884 25.3812530491312 26.9056415185428 28.3813094526209 29.8007570261835 31.159578759143 32.4557714794923 33.6891219417834 34.8606888057705 35.9723793924784 37.0266134691713 38.026062493781 38.9734517385965 39.8714133468432
