samples/wpf/HowDoISample/Data/GridFile/Mosquitos.grd
ncols 216
nrows 149
xllcorner 2448897.80785635
yllcorner 7081406.8396329
cellsize 300
NODATA_Value -999
[rows 60 to 79 of 149, columns 92 to 137 of 216]
47.2529247272825 47.3225311318774 47.3644502919736 47.3772799124963 47.3598673997435 47.311316226453 47.2310031214695 47.1186081743866 46.974159875365 46.7980965283556 46.5913441316378 46.355408465381 46.0924755948693 45.8055103287703 45.4983367733072 45.1756799379361 44.8431439278085 44.5071026232116 44.174484904211 43.8524495809636 43.5479645220541 43.2673267542446 43.0156799056752 42.7965957961048 42.6117833868309 42.4609698564819 42.3419693969265 42.2509232511047 42.1826680730821 42.1311749260642 42.0899998834173 42.0526968885003 42.0131595003294 41.965875373914 41.9060920431481 41.8299028983714 41.7342679354933 41.6169856960626 41.4766320288562 41.3124790589839 41.1244049616948 40.912802396169 40.678491072081 40.4226380111344 40.1466876175554 39.8523026149893
47.1347450640051 47.1989574941572 47.2292160560136 47.2242318665058 47.1829662604942 47.1046488102623 46.9888096313254 46.835328139498 46.6445002771505 46.4171254229872 46.1546124444946 45.8591013521456 45.5335925730082 45.1820700345437 44.8095975544008 44.4223616613966 44.0276299042901 43.6335945390393 43.2490798373448 42.8831086537972 42.5443493974983 42.2404938058339 41.9776413305459 41.7597787376046 41.588437148824 41.4625822796409 41.3787530619835 41.331420295681 41.3135023374034 41.316957206604 41.3333716553674 41.3544836985804 41.3725986825236 41.3808830248852 41.3735392669652 41.3458788286963 41.2943149674029 41.2162993805318 41.1102235495238 40.9753019907437 40.811450287246 40.6191668545343 40.3994241792733 40.1535728317864 39.8832598132231 39.5903616159404
47.034717608293 47.0952691150991 47.1154089286066 47.0939582443293 47.0299770793948 46.922794474031 46.7720567390533 46.5777961494413 46.3405223259478 46.0613375753456 45.7420753185264 45.3854570571227 44.99525784944 44.5764630165208 44.1353903745555 43.6797441418202 43.218561284134 42.7620118119631 42.3210249373199 41.9067352565909 41.5297762993977 41.1994872873295 40.9231326774232 40.7052510241756 40.5472407410377 40.4472540459101 40.4004150647682 40.3993193075188 40.4347261114205 40.496334179097 40.5735349137549 40.6560625616845 40.7344937496516 40.8005818116128 40.8474366899837 40.8695766602624 40.8628843841272 40.8244992756833 40.7526736679616 40.6466141433252 40.5063232381678 40.332451419841 40.1261650892164 39.889033375675 39.6229344838639 39.3299810887119
46.9563255305637 47.0147527217118 47.0261420413537 46.9894158569069 46.9037112329306 46.7684229811125 46.5832687890016 46.3483792544831 46.0644155565931 45.7327164174298 45.3554735169435 44.9359301392198 44.4785911779607 43.9894236632003 43.4760163200285 42.9476560405892 42.4152716256483 41.8911950894783 41.3887029923713 40.9213280026019 40.5019735204137 40.1419148089588 39.8498153421839 39.6309105679677 39.4865000252608 39.4138402596666 39.4064565015203 39.4548122214254 39.5472155765334 39.6708154595027 39.8125493182039 39.959940531987 40.1016898479789 40.228049300149 40.3309994942113 40.4042694500834 40.4432440519997 40.4448013609299 40.4071145995837 40.3294446878483 40.2119407906201 40.055459423532 39.8614075126706 39.631611280029 39.3682106060136 39.0735772470735
46.9032361480949 46.960874224215 46.9647203456974 46.9137829433299 46.8072480153964 46.644535702236 46.425383195748 46.1499574555996 45.8190012504106 45.4340149385874 44.9974736113567 44.5130741252074 43.9859986075869 43.4231700351632 42.8334620566264 42.2278113021718 41.6191697457072 41.0222328546818 40.452892745223 39.9273993644444 39.4612668807222 39.0680286833588 38.7580052736896 38.5372824412373 38.4070839883873 38.3636595549291 38.3987087391115 38.500257540308 38.6538242490055 38.8436798263567 39.0540243920433 39.2699523619837 39.478142639341 39.6672680857694 39.8281592232846 39.9537781423751 40.0390631651697 40.0806986296954 40.0768527825626 40.0269143159822 39.9312469867117 39.7909730462848 39.6077900244485 39.3838213987243 39.1214993395019 38.8234765326563
46.8792915580301 46.9372753264425 46.9346446346903 46.8704720142567 46.7439578735814 46.5545011454835 46.3018006831068 45.9859917536412 45.607822257264 45.168872259465 44.6718174096507 44.1207310335183 43.5214103581082 42.881699034469 42.2117613423359 41.5242453145429 40.8342569921199 40.1590631957611 39.5174542590312 38.928738503069 38.4114082013544 37.981602760717 37.6515763894144 37.4284242328925 37.3133066555443 37.301328718645 37.3821005406561 37.5408649839541 37.7599762500928 38.0204743190383 38.3035270709738 38.591583345016 38.8691660859979 39.1233095930492 39.3436949327993 39.5225608129203 39.6544692024355 39.7359939941133 39.765384533778 39.7422391076199 39.6672092980326 39.5417454837408 39.3678865601753 39.148092565724 38.8851165597609 38.5819111171893
46.8884927561689 46.9477646933993 46.9396100970421 46.8631362393869 46.717517339868 46.5020795776013 46.2164213513661 45.8605742440824 45.4352107519558 44.9419039693656 44.3834412834359 43.7641877161087 43.0904837901063 42.3710469415239 41.6173248017262 40.8437253362472 40.0676280945028 39.3090715110751 38.590024777955 37.933199908387 37.3604437569226 36.8908601972455 36.5389208663798 36.3128881075417 36.213859306767 36.2356359276566 36.3654485929638 36.5853869965933 36.874250697902 37.2094912149342 37.5689574000035 37.932254408438 38.2816401687323 38.6024784456174 38.8833277064141 39.1157694383001 39.2940772381417 39.4148105041944 39.4763937340508 39.4787206648984 39.4228048982156 39.3104860375388 39.1441922533419 38.9267555731956 38.6612740193856 38.3510140796071
46.9349774225055 46.9963040982353 46.9834998266233 46.8956695752103 46.7319153840122 46.4914356801808 46.1736643581656 45.7784563961346 45.3063277993635 44.7587570761777 44.1385523153681 43.4502809847331 42.7007473848016 41.8994840963271 41.0591986343302 40.1960870423965 39.3298982866936 38.4836178091775 37.6826503228125 36.9534357246316 36.3215345885239 35.809359613735 35.4338710057675 35.2046432381802 35.1226974549991 35.180359753683 35.3621832438021 35.646735443983 36.0088836621435 36.4221585548296 36.8608378049753 37.3015245652403 37.7241427302136 38.1123897090239 38.4537577708056 38.7392591127426 38.9629810357409 39.1215717602186 39.213726978177 39.2397197795093 39.2009953733228 39.0998374867127 38.9391044675362 38.7220284777895 38.452069334138 38.1328144054418
47.0229918243652 47.0869900626867 47.0703737001664 46.972200768329 46.7914508200804 46.527138077757 46.1784688346441 45.7450513521653 45.2271680139196 44.626119307622 43.944646201957 43.1874301302396 42.3616562492806 41.4776042115653 40.5492007443492 39.5944318604711 38.6354761341423 37.6983970281197 36.8122405350593 36.0074444675217 35.3135887110508 34.7566900702413 34.3564272934133 34.1238017208907 34.0597286598708 34.1548873163993 34.3908739825708 34.7424022107059 35.1800825190253 35.6732559503286 36.1924442243167 36.7111543129956 37.2069624789206 37.6619473321423 38.0626216340063 38.3995342009087 38.6666957074956 38.8609461387815 38.9813424951484 39.0286117451357 39.0046891376699 38.9123456920884 38.7548993266709 38.5359996519566 38.2594751573133 37.9292319991691
47.1568575917203 47.2240315882407 47.2044530258957 47.0970813664905 46.9007204882174 46.6141448056331 46.2362740767074 45.7664066985095 45.2045233731791 44.5516733243585 43.81045249637 42.9855755455877 42.0845286436262 41.118265850637 40.1018768209873 39.0551095169294 38.0025855557267 36.9735128346815 36.0007033162789 35.1187695306321 34.3615181508115 33.7587719676641 33.3330802494805 33.0969334641055 33.0510923233739 33.1844356208645 33.4753775233552 33.8945294401327 34.408023275548 34.9808509948897 35.579697462827 36.1749685688058 36.7419486109743 37.2611926817728 37.7183484076056 38.1036181293476 38.4110439777192 38.6377504979661 38.7832308645681 38.8487227920264 38.8366918495907 38.7504221151938 38.5937045242364 38.3706092696224 38.0853280102982 37.7420728625416
47.3409344065758 47.4117246283174 47.3901013552269 47.2748679402553 47.0645982166929 46.7577744177609 46.3529781653433 45.8491458912698 45.245902726602 44.5439897408355 43.7457970127905 42.8560072454759 41.8823387319853 40.8363494778902 39.7342241959748 38.597413877308 37.4529412328845 36.3331416744392 35.2746064453206 34.3161650548719 33.495911524487 32.8475334695777 32.3964829765051 32.1567245101939 32.1287941822793 32.2996567701311 32.6444146304558 33.1294654755315 33.7163981702831 34.3658534500027 35.0407384835801 35.7084650278919 36.342160464248 36.9209997603401 37.4299013464218 37.8588393046784 38.2019827284702 38.4568125986719 38.6233081974267 38.7032489968947 38.6996463912621 38.6163007373873 38.4574696482864 38.2276301143572 37.9313172469446 37.5730244589951
47.5795798570984 47.6544239509359 47.6318018329457 47.5102988613164 47.2882050510837 46.9636634534326 46.5348759591481 46.0003793617941 45.3594077695921 44.612358857718 43.7613794356944 42.8110779604943 41.7693547205499 40.6483108262066 39.4651521164332 38.2429442495913 37.011008412066 35.8046925031476 34.6642427846429 33.6325759053256 32.7519410984634 32.0597592224345 31.5842579867952 31.3407603630338 31.3294867528345 31.5354382760463 31.9304142216839 32.4766759822579 33.1314139937195 33.8511157964764 34.5951398304238 35.3281385544405 36.0213012376838 36.6526102729145 37.206403522637 37.6725353476318 38.0453735907771 38.3227964925071 38.5052858765072 38.5951612673221 38.5959653656808 38.5119916471893 38.3479356221066 38.1086486789876 37.7989745236415 37.4236510554126
47.8771077750105 47.9565129658128 47.9341314281136 47.8082661739368 47.57687185224 47.237712264331 46.788579664394 46.2275899741601 45.5535718157496 44.7665691702721 43.8684757948254 42.8638116064857 41.7606334007586 40.5715402749859 39.3146845120201 38.0146315516766 36.702836139982 35.417437002032 34.2020563062098 33.103369576603 32.1674233513401 31.4350152396852 30.9368335566301 30.6893293999694 30.6922993570297 30.9288178642864 31.3675643085387 31.9669710821296 32.680221451846 33.4600762679835 34.2627605944413 35.0505359545005 35.792953426188 36.4670268193065 37.0566648005729 37.5516907427762 37.9467102268833 38.2400010506198 38.4325247555409 38.5271023193163 38.5277603685687 38.439234193111 38.2666050551605 38.0150474531474 37.6896639214269 37.2953885284592
48.2377462528244 48.3223719254306 48.3017323222524 48.1737832828108 47.9360959923798 47.5860225199097 47.1209275312657 46.5385013441768 45.8371736753534 45.0166497089677 44.0785886547446 43.0274368602041 41.871408755232 40.6235746854451 39.3029610024178 37.9354943677876 36.5545375613939 35.20069119182 33.9205153764729 32.763910197699 31.7801256204682 31.0127444769643 30.4944065068731 30.2423465262148 30.2558217386668 30.5161201980925 30.9891788090208 31.6301561738768 32.3888783753319 33.2150390142195 34.062328961772 34.8911132210732 35.6696758756403 36.374312567175 36.9886481274319 37.5025370671096 37.9108241572649 38.2121476257643 38.4078852203168 38.5012835282403 38.4967732534865 38.3994529326552 38.2147152601411 37.9479890564413 37.604572542604 37.189537789403
48.6655962031666 48.7563446503467 48.7392806101727 48.6119492899115 48.3714943538324 48.0148307489722 47.5388881207165 46.9409407057038 46.2190440188006 45.3726011111404 44.4030797164465 43.3148931269728 42.1164378236378 40.8212446157227 39.4491429541428 38.0272598234275 36.5905842155073 35.1817503738818 33.8496716838989 32.6467488202736 31.6246256001795 30.828866489166 30.2933828835205 30.0357560599097 30.0545961065511 30.3296546577469 30.8246935323779 31.4923862733483 32.2800886651923 33.135294077353 34.0099173125496 34.8630259851599 35.6620635634314 36.3828738694278 37.0089317752445 37.5301569124395 37.9415983760644 38.2421771863282 38.4335868816784 38.5193906487607 38.5043149624744 38.3937195260323 38.1932153879791 37.9084024904163 37.5447010336745 37.1072556890566
49.1645907867541 49.2627035761628 49.2514522625554 49.1279107579701 48.8887549778565 48.5304427130411 48.049468484611 47.4427096332802 46.7078843608282 45.8441448323697 44.8528267086148 43.738367365799 42.5093840776884 41.1798653083508 39.7703685910959 38.3090371772446 36.8321545762538 35.383877547228 34.0147700432947 32.7788614022498 31.7292167021515 30.9124246042597 30.3628728744628 30.0980008861315 30.1156913608125 30.3945123050066 30.8967761658615 31.5736442655081 32.3710686920809 33.2353619617094 34.1175337331385 34.9760245479796 35.777898221306 36.4988195610801 37.1222347443178 37.638138743972 38.0417212690269 38.3320787593165 38.5110921147552 38.582507254068 38.5512170533647 38.4227231702985 38.2027485837663 37.8969713124491 37.5108531475075 37.0495420984204
49.7384553417197 49.8456124785254 49.8428859744036 49.7268213764322 49.4935893692451 49.1391729851225 48.6596340815239 48.0514753227421 47.3121181641704 46.440519371323 45.4379462659543 44.3089208498385 43.0623206668655 41.7125845280533 40.2809099470545 38.7962469237048 37.2958005123696 35.8246799857473 34.4343221732565 33.1794282678727 32.1134285800945 31.2829114429125 30.7219098271576 30.4472382409249 30.4560199518225 30.7260750651942 31.2190952203082 31.8858082027045 32.6719235617693 33.5236667322643 34.392064314115 35.2356294401015 36.0215187572094 36.7254894077093 37.3310702712235 37.8283273480753 38.2125108220238 38.4827687486385 38.6410257186077 38.6910631461487 38.6377997792942 38.4867511885228 38.2436393539484 37.9141230734764 37.5036232434477 37.0172219037737
50.3906666599573 50.509085709073 50.5181420469912 50.4137993965377 50.1916865510934 49.8472927118396 49.3762461541861 48.7746920617784 48.0397891664247 47.1703462065721 46.1676159535023 45.0362533056627 43.7854202686239 42.4299796419993 40.9916574912376 39.4999736576591 37.9926518821219 36.5151550535053 35.1189928328411 33.8585725233256 32.7866444351345 31.9488056684139 31.3779572226154 31.0898716666925 31.080946253957 31.3287422156508 31.7951926087035 32.4316832805631 33.1848387787147 34.0018778402045 34.834749426543 35.6427234946134 36.3935099809969 37.0632214425688 37.6355757016842 38.1007024584622 38.4538304946023 38.6940346163908 38.8231387326003 38.8448120784599 38.7638586219822 38.5856801295108 38.3158855926455 37.9600190209909 37.5233806209608 37.0109209657057
51.1244096465633 51.2569421731346 51.2816557977787 51.1938817617199 50.9886684890326 50.6609862348482 50.2060187896406 49.6195573085774 48.8985144166793 48.0415771663748 47.050012947408 45.9286297827248 44.6868673875016 43.3399536025993 41.9099998787798 40.426832397687 38.928275720224 37.4595523477614 36.0714782964807 34.8172698712095 33.7480560533153 32.9075817002154 32.3269752792376 32.0206683228989 31.9844411354095 32.1961046259555 32.6186597912287 33.2051653576974 33.9042217564415 34.665025614272 35.4412735504338 36.1936191766491 36.890751884125 37.5093877720932 38.033538815825 38.4533986910927 38.7641048924635 38.9645475470002 39.0563186181754 39.0428394013127 38.9286688888067 38.7189764318781 38.4191541021523 38.0345429513179 37.5702498458789 37.0310356822883
51.9425286268854 52.0927516016184 52.1376831524408 52.0719726063847 51.8900445599887 51.5863142696423 51.155493420037 50.5930002291166 49.895489974024 49.0615212469995 48.092367335224 46.9929679253172 45.7729900593059 44.4479253685805 43.0400918397327 41.5793372312839 40.1031724775871 38.6560253677439 37.2873378655615 36.0483749418916 34.9878840096541 34.14710193979 33.5549412195471 33.2243451526618 33.1506625296521 33.3124501903229 33.6745109126661 34.1924437434057 34.8177171064655 35.5023303406863 36.202422880721 36.8805672640347 37.5068048535508 38.0586811608406 38.5206079030841 38.882857575493 39.1404284280125 39.2919389278621 39.3386417804165 39.2835964263595 39.1310058055697 38.8857046280637 38.5527781052658 38.137288264996 37.6440867624953 37.0776966206138
