samples/wpf/HowDoISample/Data/GridFile/Mosquitos.grd
ncols 216
nrows 149
xllcorner 2448897.80785635
yllcorner 7081406.8396329
cellsize 300
NODATA_Value -999
[rows 100 to 119 of 149, columns 46 to 91 of 216]
108.539277162617 111.282232593349 113.719943081387 115.762397171389 117.325723178843 118.339264978753 118.752532954966 118.540873049304 117.70875260415 116.289930733247 114.344386899044 111.952543392797 109.207825116355 106.208807768128 103.052090138445 99.826678937332 96.6102415805639 93.4671962819426 90.4483467161678 87.5916463225051 84.9236687089183 82.4614224901367 80.2142406352237 78.1855671751392 76.3745421793721 74.7773437103703 73.3882837182837 72.2006771794689 71.2075145686038 70.4019709106685 69.7777832320261 69.3295243479103 69.0527959383401 68.9443585415797 69.0022107906551 69.2256250223312 69.6151412206543 70.1725159455581 70.9006172291522 71.8032502012798 72.8848913190737 74.1503015990479 75.6039816149248 77.2494242624089 79.088117386303 81.1182506785746
108.182547695904 110.809564271099 113.139521168879 115.087974617047 116.576643740859 117.539869805712 117.930902074259 117.726988987393 116.932312966484 115.578133517484 113.720029747252 111.432707292966 108.803279046071 105.924119590257 102.88630655104 99.7743707764092 96.6627031616362 93.6136232323952 90.6768733745769 87.8901815076401 85.2805152929592 82.8656972740865 80.6561274449006 78.6564414188796 76.8670033968585 75.2851873264798 73.9064367045529 72.725116057056 71.7351788632221 70.9306810157425 70.3061686051128 69.8569658843636 69.5793850216225 69.4708744509053 69.530117662723 69.7570892435631 70.1530698094754 70.7206160083964 71.4634757587653 72.3864321186749 73.4950514834197 74.7953032208575 76.2930087781774 77.9930697976551 79.8984190088135 82.0086383788993
107.441052164946 109.921653453708 112.116394073923 113.947499934999 115.343271143631 116.243835454415 116.606693039312 116.411178983928 115.661029339053 114.384514768683 112.632047209437 110.471646175449 107.983029336271 105.251264046881 102.360859120139 99.3909434834623 96.4118671810493 93.4832652556939 90.6534083071042 87.9595456895392 85.4289170754405 83.0801381844629 80.9247276010505 78.9686106964374 77.2134993589597 75.65809586554 74.2991044804335 73.1320568788842 72.1519700656571 71.3538609787326 70.7331428815238 70.2859267863796 70.0092477632525 69.9012318299697 69.9612145867042 70.1898179759892 70.5889864683586 71.1619784200613 71.9133020820478 72.8485785025897 73.9743051648895 75.2974846268272 76.8250720645438 78.5631855641079 80.516015552921 82.6843690408954
106.376843111581 108.689561173482 110.729999004592 112.427691384761 113.718052652853 114.547391567172 114.877696845808 114.690466486656 113.988910027208 112.798082562909 111.162868101409 109.144121717773 106.813593301246 104.248408082521 101.525847823536 98.7189992750046 95.8935868000499 93.1060597764248 90.4028156018337 87.8203273634421 85.3859066319912 83.1188467734298 81.0317374198451 79.131796701264 77.422121369408 75.9027991888575 74.5718607575693 73.4260698996364 72.4615649154035 71.6743695635765 71.0607947527857 70.617751161698 70.3429905385291 70.2352899851214 70.2945895057718 70.522088643068 70.9203030953577 71.4930766478041 72.2455373049313 73.1839789134757 74.3156405883905 75.648345864652 77.1899520638682 78.9475490265583 80.9263375627215 83.1281161812199
105.055874297149 107.187878725264 109.062887568984 110.617963265332 111.79576320491 112.548830027076 112.843645651004 112.663858340788 112.012142699261 110.910336994875 109.39778626503 107.528130874863 105.365034035696 102.977473916008 100.4352152905 97.8049466426377 95.147374903751 92.5153702106907 89.9530912185286 87.4959186006196 85.1709804810631 82.998055700477 80.9906714854779 79.1572552644436 77.5022444643779 76.0270964141946 74.7311701834738 73.6124731092901 72.6682780890006 71.8956251272287 71.2917237820405 70.8542734440057 70.581716831095 70.4734393758856 70.5299237093873 70.7528643641945 71.1452431054616 71.7113597952122 72.4568071582389 73.3883699645659 74.5138197383268 75.8415650970226 77.3801055967435 79.1372247033046 81.1188478232087 83.3274889931344
103.542461526754 105.48853221943 107.193940204464 108.603151621594 109.665874902051 110.340674222074 110.598350998754 110.424622783199 109.821672987938 108.808289875761 107.41853330524 105.699109780868 103.705837905758 101.499698396775 99.1429666828939 96.6958363949262 94.2137964064702 91.7458663713626 89.3336612673637 87.0111636000079 84.8050360233872 82.7352995582877 80.8162208048402 79.0572830201391 77.4641508477709 76.0395705740897 74.7841739311262 73.6971728231069 72.7769454243128 72.021521999583 71.4289827910498 70.9977815222543 70.7270073759021 70.6165963178557 70.6674997334487 70.881814668787 71.2628755150656 71.8153015913513 72.5449885310005 73.4590233787376 74.5654936242567 75.8731489930483 77.3908620948178 79.1268212677993 81.0873789123756 83.2754763500659
101.895367901315 103.656509489317 105.193782988376 106.45868288977 107.407548954017 108.004570978088 108.224574118177 108.055215734347 107.498262076396 106.569725093569 105.298807243509 103.725787242984 101.899137041112 99.8722533482783 97.7001999197738 95.4367973240302 93.1322905862253 90.8317037346808 88.5738813941095 86.3911380272416 84.3093904310451 82.3486349555723 80.5236392280683 78.8447395457312 77.3186615674285 75.9493079116843 74.7384785837436 73.6865075287727 72.7928110021691 72.0563514879348 71.4760254566649 71.0509852005708 70.7809050350261 70.6662008403093 70.708209559819 70.909332016423 71.2731382449899 71.804429327828 72.5092432302848 73.3947840963405 74.4692446584698 75.7414798291503 77.2204766363481 78.9145528164471 80.8302065151614 82.9705379986287
100.165538032845 101.747493711407 103.12234854828 104.248086987758 105.087119596873 105.608756475759 105.791478964581 105.624723910481 105.109925732694 104.260646849262 103.101752987537 101.667729515905 100.000356039039 98.1460322882774 96.1530657857346 94.0691943888496 91.9395412740297 89.805108682161 87.7018306156386 85.6601377314134 83.704945794898 81.8559612340691 80.1281983493209 78.5326158935896 77.0767998157284 75.7656392240563 74.6019610708426 73.5871041758715 72.7214245712708 72.0047319870319 71.4366621452533 71.0169920069974 70.7459057740679 70.6242187155149 70.653564039152 70.8365451839596 71.1768520537669 71.6793347126567 72.3500216990642 73.1960621360989 74.2255610273982 75.4472655628996 76.8700474557966 78.5021137843299 80.3498696232409 82.4163554662849
98.3952176073348 99.8070663607282 101.02817220124 102.022383390946 102.757551819919 103.207553223476 103.354126136391 103.188310449696 102.711291700451 101.934521637999 100.879079375327 99.5743417035131 98.0561233162735 96.3645083863573 94.5416138084711 92.6295024472335 90.6684124196692 88.695401289163 86.7434373606529 84.8409153676201 83.0115364868619 81.2744734335781 79.6447374843062 78.133671114912 76.7495028739107 75.4979162914084 74.3825993665682 73.4057539241353 72.5685542151029 71.8715514860976 71.3150261170271 70.899291720822 70.624956708888 70.4931485739383 70.5057047411749 70.665331380605 70.975728030346 71.4416711216303 72.0690433135311 72.8647877087279 73.8367563744479 74.9934112254357 76.3433228668867 77.8944010682014 79.6527824122493 81.6213020524101
96.6180758770376 97.8710198193055 98.9488910769275 99.8207460265826 100.459233301641 100.842234393388 100.954344201224 100.788024635166 100.344284728423 99.6327890418602 98.6713654936569 97.4849610644979 96.1041633696901 94.5634540097826 92.899377897003 91.1488010219571 89.3473937939446 87.5284285915976 85.7219295122042 83.9541683163777 82.24746840256 80.6202598006512 79.087321330966 77.6601483507717 76.3473925784548 75.1553313480454 74.0883350259156 73.1493117383962 72.3401172303147 71.6619243273899 71.1155511573861 70.7017502038328 70.4214616743674 70.2760347853496 70.2674195437327 70.3983295008265 70.6723727166383 71.0941436745828 71.6692629275788 72.4043436310328 73.306854710297 74.3848393751188 75.6464357559812 77.0991353497985 78.7487081403368 80.5977265192398
94.8599524708327 95.9663377483985 96.9124462105047 97.6718981556663 98.2215160632588 98.542651576895 98.6223730857002 98.4543873838737 98.0395851407706 97.386136039414 96.5091105427303 95.4296623154289 94.1738574686908 92.7712741950328 91.2535129408519 89.6527520270129 88.0004603492093 86.3263443570376 84.6575686889979 83.0182552954917 81.4292389935328 79.9080399845467 78.4690056109896 77.1235728380886 75.8806073519712 74.7467825229019 73.7269699434679 72.8246214997956 72.0421301675257 71.3811625553015 70.8429605441754 70.4286122537071 70.1392941350702 69.9764863782002 69.9421631089254 70.038957058171 70.2702954440222 70.6404995794634 71.1548350144647 71.8194916556457 72.641464204322 73.6282926333997 74.787611102293 76.1264435567555 77.6501788077329 79.3611629853367
93.1399189078491 94.1124902490948 94.9385956614479 95.5958130178575 96.0645599750156 96.3291645431218 96.3788155085308 96.2082970633796 95.818424891276 95.2161279289505 94.4141576198489 93.4304484970882 92.2871928625876 91.0097212572689 89.6252948025532 88.1619141542644 86.6472348698463 85.1076549137045 83.5676121941848 82.0491033678508 80.5714132125122 79.1510284849094 77.8017015932637 76.5346267539233 75.3586930935233 74.2807837926119 73.3060964036025 72.4384658017847 71.680677090036 71.03476074027 70.5022661206285 70.0845122831042 69.7828165049435 69.5987016398933 69.5340828687238 69.591432918017 69.7739221538038 70.0855260031218 70.531086725032 71.1163094742035 71.8476638323356 72.732151799109 73.7768925304173 74.9884648517732 76.3719443667512 77.9295786549426
91.4714341588311 92.3227983326043 93.0404715099606 93.6054354415301 94.0011802715886 94.2145670532309 94.2365875334095 94.0629489875537 93.6944220729397 93.1369098151092 92.4012235099131 91.5025822475803 90.4598817643287 89.2948005530178 88.03082326649 86.6922622832258 85.3033489988419 83.8874498057934 82.4664415014133 81.0602605964033 79.6866234650458 78.3609011395353 77.0961243363498 75.9030906625784 74.7905459914048 73.7654146084707 72.8330568351254 71.9975375293582 71.2618934858327 70.6283918689949 70.0987751722889 69.6744906882432 69.3569040596722 69.1474971487994 69.048050184532 69.0608068666403 69.1886187060873 69.435061199855 69.8045092852987 70.3021527312414 70.9339236784425 71.7062987515005 72.6259279779125 73.6990341957415 74.9305233542322 76.3227538701646
89.8634557420731 90.6057183663753 91.2260225056575 91.7082592093766 92.0385285759273 92.2058343508505 92.2026912036416 92.0255901449973 91.6752755785476 91.156802555859 90.4793632018047 89.6558940558034 88.7024976606837 87.6377287286136 86.4818051723944 85.2558062075034 83.980914146247 82.6777452068956 81.3658001256939 80.0630501413948 78.7856601462048 77.5478398730193 76.3618065474116 75.2378384391043 74.1843977072143 73.2083021157057 72.3149278204741 71.5084287954544 70.7919620133013 70.1679108260894 69.6381018434935 69.204012826287 68.8669706136117 68.6283388223961 68.48969493046 68.4529952857731 68.5207244341154 68.6960217437502 68.9827734247364 69.3856515234123 69.9100732982961 70.5620448744975 71.3478432029247 72.2734821729756 73.3439058902741 74.5618602982252
88.321431829287 88.965970204032 89.4992652653551 89.9076827584858 90.1795296147165 90.3056135004262 90.2797284544583 90.0990253803449 89.7642324847746 89.2797020672564 88.6532751488627 87.8959722429688 87.0215346491438 86.0458536136067 84.9863327651683 83.8612315713695 82.6890343794207 81.4878820141445 80.2750925546902 79.0667866038484 77.8776216895521 76.7206315475496 75.6071595506836 74.5468716100557 73.547832243958 72.616627736566 71.7585218476755 70.977631859817 70.2771154089571 69.65936119023 69.1261790105014 68.678986604747 68.3189920254344 68.0473711586157 67.865439918469 67.7748197985688 67.7775935479805 67.8764445867308 68.0747691505582 68.3767438661576 68.7873234603917 69.3121339011841 69.9572164115506 70.7285695354162 71.631433390208 72.6692680003941
86.8481440215652 87.4054818883388 87.861320428927 88.2041228288362 88.4240554777008 88.5134391217225 88.4671376322442 88.2828531526058 87.9613013657797 87.5062491477329 86.924408067071 86.2251896436886 85.4203402755685 84.5234836146653 83.549604630727 82.5145119781538 81.4343136161317 80.3249355966428 79.2017066235752 78.0790226562396 76.9700976546303 75.8867994517355 74.8395642521395 73.8373796109225 72.8878238723141 71.9971496805297 71.1703999538486 70.4115462544383 69.7236414398322 69.1089805556829 68.5692658971492 68.1057738580024 67.7195224703897 67.4114392981661 67.1825294597385 67.0340428720279 66.9676381330849 66.9855375598051 67.0906635043556 67.286739949918 67.5783354335921 67.9708138021876 68.4701490735705 69.082551749327 69.8138499020213 70.6685748055224
85.4443978439647 85.9241533814281 86.3112415278549 86.5958984272368 86.7698531217477 86.8266917710032 86.7621693070839 86.5744447955394 86.2642206972403 85.8347726734886 85.2918649246007 84.6435553097958 83.899903470745 83.0726026989719 82.1745614168391 81.2194623601907 80.2213268141257 79.1941079612909 78.1513322743104 77.1058017917085 76.069363913575 75.0527497433119 74.0654774643868 73.1158140134268 72.2107864170865 71.3562334654205 70.556888669337 69.8164864261383 69.137884731454 68.5231993939387 67.9739463361258 67.4911900421884 67.0756974068123 66.7280970217198 66.449044167591 66.2393912867847 66.1003622756571 66.0337262790524 66.0419624769048 66.1284013151409 66.2973195607031 66.5539565889371 66.9044082341947 67.3553442715675 67.9134897374601 68.5848144934657
84.1095730051404 84.5204572337552 84.846660040238 85.0799133527255 85.2132568730335 85.2413325662671 85.1606348942989 84.9696987076417 84.6692098072421 84.262028088401 83.7531194346383 83.1493994430642 82.4594987993115 81.6934658511046 80.8624259822047 79.9782193597647 79.0530384397028 78.0990844990002 77.1282588912851 76.1519002931027 75.1805745388531 74.2239192682975 73.290541925738 72.3879668832331 71.5226256843344 70.699883567884 69.9240953974766 69.1986847114482 68.5262406294829 67.908628624058 67.3471125271874 66.8424864547141 66.3952164632326 66.0055925778923 65.6738921916345 65.4005555460899 65.1863728103322 65.0326798542649 64.9415557829821 64.9160092507578 64.960132190265 65.0791888574802 65.2795956486225 65.5687348158787 65.9545366170753 66.4447654914985
82.8420522097103 83.1919003960741 83.4642758819803 83.6521708333358 83.7497226790021 83.7524526195479 83.6574668745827 83.4636068335105 83.1715367229056 82.7837611470352 82.3045695708564 81.7399100037012 81.097199218353 80.385081217387 79.6131488500141 78.7916451809811 77.9311613316814 77.0423461835372 76.1356408609509 75.2210477079997 74.3079399813097 73.404915104067 72.5196913786925 71.659045743432 70.828788574679 70.0337706806947 69.2779174320184 68.564285315149 67.8951369461094 67.2720316046135 66.6959295203252 66.1673093408635 65.686299319165 65.2528236468005 64.8667658717095 64.5281512640232 64.2373490481109 63.995293225738 63.8037168022247 63.6653880625901 63.5843286415587 63.5659812744718 63.6172807583434 63.7465665148482 63.9632629646602 64.277251078531
81.6395490318593 81.9353722659799 82.160222643318 82.3081531656398 82.3742197005277 82.3546744804925 82.2471282092733 82.0506701482341 81.7659374955567 81.3951282446659 80.9419552784964 80.4115433709891 79.8102746094887 79.1455911035423 78.4257663545887 77.6596580946164 76.8564556779793 76.0254342996646 75.1757266137366 74.3161200200531 73.4548852912928 72.5996396263413 71.7572448889592 70.9337398984906 70.1343042802555 69.3632505844341 68.6240411151761 67.9193261100347 67.2510004863577 66.6202772305105 66.0277765511756 65.4736310522979 64.9576083006764 64.4792531443331 64.0380528182086 63.6336280267027 63.2659524977345 62.9356015189775 62.644026117994 62.3938431487865 62.1891219062435 62.0356345517009 61.9410208306657 61.9147989315851 61.9681378260187 62.1132991579217
