samples/winforms/CreateGRIDSample/CreateGRID/data/test.grd
ncols 100
nrows 66
xllcorner -10697950.5964088
yllcorner 3495319.07217908
cellsize 10.2939012750238
NODATA_Value -9999
[rows 20 to 39 of 66, columns 46 to 91 of 100]
7.15739445394587 7.16283376105277 7.16738940474753 7.17205513748596 7.17761790377099 7.18367894619869 7.18862503781956 7.19041264178213 7.18774426471459 7.18122643723198 7.17406699832243 7.17175798148029 7.17932311685616 7.19367878954051 7.19733813744623 7.17449907590782 7.13132319424364 7.08312574346773 7.03864866785707 6.99993063237914 6.9660653818479 6.9354525201511 6.90693637738685 6.8805010202699 6.85748771554922 6.83971573593437 6.82727901942186 6.81708500670854 6.80457641915346 6.78651153955161 6.76151173601501 6.72897232845724 6.68819856748257 6.63864164304617 6.58189168421331 6.52579349384592 6.48673891933058 6.47953244171933 6.49965908562608 6.52725628437587 6.54721885134294 6.55620469820146 6.55801536330122 6.55828548609772 6.56121519565402 6.56822050991128
7.1622296536514 7.16916966756065 7.17775853512997 7.18844941214294 7.2012444163305 7.21485283419117 7.22644218448293 7.2323453369031 7.22971317443012 7.21846400204031 7.20233264589767 7.18807563227546 7.18216613517259 7.18416422562884 7.18197184727104 7.16272099840368 7.12770817237614 7.08651813959683 7.04600166209738 7.00843241243352 6.97354593247784 6.94025661896825 6.90775622667497 6.87648471146926 6.84902121713747 6.82962340077532 6.82032982088228 6.81668184560449 6.81082518985662 6.79798015372486 6.77736695199668 6.74973468529043 6.71576281440543 6.67606080453313 6.63256865933943 6.5909180607351 6.56092782434864 6.55062466339298 6.55790054892356 6.5723767588019 6.58488195164415 6.59206957279681 6.59502626530903 6.59647720821855 6.59874452591102 6.60279805946759
7.1712849225856 7.18047432597785 7.19373153987992 7.21137395017437 7.23313529147448 7.25707246496688 7.27876288807827 7.29176982583486 7.29025618120826 7.27288387248695 7.24478931525318 7.21535069678834 7.19297663159067 7.1794107071928 7.16759895019415 7.14846255833459 7.1198846790339 7.08576400847853 7.05020054899177 7.01505087533326 6.98033650489585 6.94522805857642 6.90898289076507 6.87214726305875 6.83834583565456 6.8150722535835 6.8081539722472 6.81208332134496 6.81420135136709 6.80748835805673 6.79195345228575 6.7699054337217 6.74336424587398 6.71373911075005 6.68264047304733 6.65318877029602 6.63029220151027 6.61801530169204 6.61599551913655 6.61976164578246 6.62447945239488 6.62756521377374 6.62874588234657 6.62893104186512 6.62910218284943 6.62969405639454
7.18180855932147 7.19397924776553 7.2127285822697 7.23874901911493 7.27221185068058 7.31112866590133 7.34929979424279 7.37562015540507 7.37810449602659 7.35266238317336 7.30794245784158 7.25928066911375 7.21855273607959 7.18891762868541 7.16586752128888 7.14275565680493 7.11614932501388 7.08636173661352 7.054866156419 7.02243760836187 6.9888218050718 6.95313545202581 6.91456465544967 6.87361509462759 6.83446687811553 6.80694607064109 6.80040252934909 6.8093916044163 6.81760552353008 6.8160086780828 6.80503006399276 6.78810931307809 6.76825300821159 6.74728948669365 6.72614670124845 6.70576219282961 6.68794996670265 6.67485021145149 6.66720257936627 6.6637084341472 6.66217244399837 6.66086815194397 6.65901293767942 6.65649240371498 6.65336823181623 6.64956428109139
7.19208024963074 7.20771865920868 7.23235021906819 7.26769113960857 7.3153639190756 7.37467665925517 7.43836010191197 7.48820116636261 7.49965977248526 7.46206245236634 7.39205148735673 7.31734957518357 7.25534288144408 7.20939590367868 7.17502741888175 7.14616943439458 7.11870256256225 7.09095137760455 7.06245637434679 7.03279380469705 7.0011424056857 6.96644306321608 6.92796953070305 6.88651485103432 6.8465766258481 6.8179332344872 6.80970051710856 6.81733365448281 6.82572928523072 6.8257321439895 6.81729892724685 6.80391287656315 6.78898987685012 6.77457081073714 6.76090793792759 6.74715619950219 6.73312086157552 6.7200558447095 6.70942611295154 6.70156446657539 6.69570279971667 6.6907246617746 6.68568923346581 6.67990512531825 6.67277468168333 6.66371656487684
7.20155613517202 7.22041980737558 7.25018885807203 7.29407157728763 7.35601748139919 7.43838002908691 7.53506557083487 7.61966282001733 7.64606728666596 7.59021442366298 7.48449784523509 7.37776115520866 7.29341633241874 7.23263627153101 7.18876303829597 7.15489731545099 7.12620489783772 7.0998556344258 7.07412617476522 7.0475905008678 7.01881460963279 6.98655809226 6.95037239362626 6.91161865789288 6.87482902772397 6.84779015683296 6.83652866037859 6.83759745390241 6.84052504851379 6.83807085709421 6.82940991258918 6.81716603214995 6.80465578189825 6.79420184024808 6.78577005089331 6.77708296055647 6.76631906466863 6.75417470064494 6.74256159840184 6.73261640336124 6.72427061355035 6.71675707620214 6.70908935374435 6.70023560572098 6.68910539587574 6.67462061051556
7.21040235108981 7.23117927072077 7.26383588274002 7.31287176598813 7.38432958817626 7.48393613663229 7.60879648386006 7.72723906486841 7.76955348437133 7.69437876032272 7.55423674992276 7.42082182798009 7.32049975374343 7.25039894252621 7.20116796086123 7.16496028574447 7.1365212117275 7.1124669122479 7.09031997193479 7.06784375925924 7.04293404816202 7.01406339702489 6.98103067704453 6.94569686287654 6.91230189421194 6.88637129719374 6.87120478617599 6.86445580688716 6.85990628418805 6.85264623910822 6.84142042836914 6.82776711633436 6.8146253570235 6.8049293703124 6.79935068540094 6.79485493173796 6.78783255102782 6.77800580258286 6.76729780727274 6.75720175483989 6.74802686061552 6.7392493695336 6.72991731817386 6.7188335243861 6.70459987662311 6.68578139715452
7.21882921727553 7.23929912068563 7.27143991815796 7.32007022073589 7.39156047150149 7.4923112359005 7.62067839041674 7.74519731118062 7.79091587776357 7.71114879372803 7.56442155073753 7.42798436404064 7.3271339551802 7.25720622007323 7.20852140406165 7.17371145449577 7.14802197086951 7.12820469356257 7.1114323510338 7.0946666558936 7.07481247175047 7.04968156565173 7.01914705810145 6.98558657956757 6.95317423414607 6.9261187312887 6.90640873214197 6.89260356068716 6.88107500855914 6.86853252626924 6.85351902919511 6.83655820459533 6.81997891085679 6.80751576996801 6.80194101054422 6.80094667565945 6.79881213859129 6.79308926393267 6.78503442191884 6.77632254425911 6.76764546067101 6.75878615067665 6.74893959205143 6.73691338157035 6.72124017348501 6.70043847788311
7.22691563421901 7.24450840527635 7.27255329015068 7.31501753131157 7.37650269607143 7.46057246724962 7.56316805985073 7.65764950092774 7.6888537711132 7.62451368539794 7.50741351508946 7.39623936320108 7.31201967725502 7.2521479268162 7.20983100635781 7.1801001151131 7.15988944635738 7.14686592037079 7.13820071934969 7.12977854276864 7.11665266729429 7.09513125713443 7.06506131650705 7.03000117602764 6.99507554125286 6.96441457097769 6.93966110609884 6.9198983386277 6.90271386730394 6.88559659854101 6.86688961437871 6.84627800199439 6.82536318941595 6.80835064066186 6.80041298994839 6.80131490240331 6.80387532536767 6.80281130819732 6.79809643979314 6.79144691737972 6.78399371202441 6.77590920138171 6.76661891928866 6.75505092126078 6.73986504589757 6.71983188523358
7.23488448264166 7.24724316848593 7.26841994564967 7.30086058248131 7.34653909223119 7.40529415744568 7.47065894258537 7.5235865114266 7.5344992252084 7.49001168952725 7.41444651874501 7.34088386656757 7.28248340436294 7.23860335045273 7.20635686328765 7.18424399820268 7.17180218138574 7.16837781186416 7.17153231824777 7.17549848745191 7.17167004903806 7.15311141807757 7.11987044166896 7.07858626783396 7.03714405309212 7.00060265913442 6.97050743179694 6.94591936908027 6.92468926756914 6.90446009611998 6.88334559939106 6.86051655291304 6.83708982433182 6.81719057784694 6.80667479689799 6.80667148290244 6.81054577754495 6.81182584671117 6.80920252809279 6.80404912766395 6.79773910195329 6.79078210305023 6.782817041953 6.77288077567217 6.75979006403263 6.74264473236499
7.24322671494656 7.24851904963291 7.26129565440376 7.28245611028828 7.31181380498752 7.34687254309754 7.3809320895295 7.40207851407078 7.39767125168085 7.36637823237637 7.32290836358777 7.28252954295368 7.24927709877941 7.22185361952987 7.20030061459567 7.18657538409847 7.18319418088709 7.19185037421648 7.21114538351208 7.23305274117588 7.24218892491639 7.2251055501946 7.18305941658903 7.12960378882539 7.07771728232033 7.03369318095796 6.99850305348721 6.97050304796002 6.94712966535492 6.92574612076519 6.90417369002697 6.88130790424849 6.85801958881783 6.83786842889377 6.82560393188454 6.82230736897308 6.82327338318573 6.82313645958926 6.82006361257289 6.81485278696026 6.80885586526767 6.80282931144122 6.79656195332942 6.78905766807132 6.77911565482083 6.76600390223844
7.25241246470138 7.24940449552502 7.25334877441063 7.26389076614975 7.27957249735001 7.29714566092085 7.31102119709798 7.31409833271003 7.30175381754374 7.27782839273356 7.25371582307398 7.23596969032694 7.22131966212849 7.20649036656398 7.19346207952667 7.18704579008568 7.19245229330845 7.21401270947021 7.25224462557029 7.29690933474859 7.32235903851131 7.30430160085813 7.24735959282276 7.1770267628158 7.11284430147982 7.06152736068622 7.02261270751009 6.9932170594359 6.96998438871794 6.94970885416263 6.92973192237302 6.90858321694233 6.88679667230178 6.86713990437811 6.85298677165193 6.84514823400692 6.84084996820469 6.83654468488637 6.83060148835952 6.82342287291574 6.81634808217229 6.81051600927167 6.80595606648748 6.80144531642032 6.79539829772775 6.78692752909054
7.2623832462893 7.2504581463262 7.24589246092011 7.2473605409297 7.25281307888304 7.2591548492833 7.26222566770162 7.25780810643796 7.24438987790075 7.22668106486316 7.21390559479328 7.20859124471954 7.20357206243017 7.19497718541353 7.18656345214291 7.18492010288755 7.1967926860671 7.2283657204834 7.28205252468062 7.34631377552335 7.38577879178846 7.36517121181113 7.29385448491501 7.20951203291438 7.13661186097621 7.08128126905619 7.04156269078032 7.01354496808631 6.99317845109921 6.97655729439944 6.9601952175521 6.94183508356105 6.92143231149625 6.90119807881368 6.88392962423552 6.87069839732936 6.86022238448988 6.85037110522058 6.83985577722115 6.82885918430289 6.81888713272037 6.81193963304999 6.80879052430436 6.80787113690149 6.806609794024 6.80346755188687
7.27213542877579 7.25142827176976 7.23919688419097 7.2333318095419 7.23155666603944 7.23126298135866 7.22961661199145 7.22429052411462 7.21505610118307 7.20545937554206 7.20076516214544 7.19985293435386 7.19562998837272 7.18690584850374 7.1791800535586 7.17923463360466 7.19352123294593 7.22800801275907 7.28493834098898 7.35224272105523 7.39340766215459 7.37264733164289 7.30058259409069 7.21620000840051 7.14431140432516 7.09107517889421 7.05466479825492 7.03134283267095 7.01698727000877 7.00700742814508 6.99650712654887 6.9816464771221 6.96155358549787 6.93862263487553 6.91633921857651 6.89672075781235 6.87961110121065 6.86367798787043 6.84771884001009 6.8316143702762 6.81705221736361 6.80740202600587 6.80505607692187 6.80823515871929 6.81269110086316 6.81564509400205
7.27968360202788 7.2513150506947 7.23271734972711 7.22119322851206 7.21441698684208 7.21028620022109 7.2069998540471 7.20349005083344 7.20010377760756 7.19862864241029 7.19954977687936 7.19832374364904 7.1904964852611 7.17889450573165 7.1699421307371 7.169357684609 7.18193399735631 7.21155844439653 7.25826215659684 7.31055003201659 7.34059739853276 7.32342243258519 7.2661514825583 7.19696063008588 7.13636823086506 7.09145302961077 7.06237504630323 7.04700968665998 7.04204666634718 7.04231263980564 7.04050902404498 7.02973215651462 7.00799814163639 6.97933739440996 6.94964362396384 6.92254130525991 6.89865514627603 6.87688425218874 6.85581389504733 6.8348965678089 6.81577577095787 6.8029411684312 6.8005784637826 6.80717722086113 6.81700327968918 6.82592215495363
7.28261847951112 7.24876432720162 7.22550144709925 7.20987865767011 7.19965310148376 7.19311565276225 7.18908789481709 7.18707789801375 7.1873145954995 7.18987115162232 7.19234720385105 7.18958037147083 7.17962520863433 7.16685708496165 7.15724027433052 7.15517710169802 7.16368219236027 7.18436956934564 7.21538614030027 7.24753462705422 7.26386577623321 7.2508121742463 7.21182314340059 7.162874142204 7.11822091431868 7.08508714117065 7.0659029581999 7.06088791193822 7.06836148791694 7.08280370270706 7.09307405675692 7.08669254301199 7.06029825176565 7.02213854772724 6.98266085581826 6.94742785325298 6.91729340182661 6.8908771513499 6.86640405762158 6.84297374411689 6.821941723503 6.80770248955826 6.80479894455178 6.81243095765879 6.82509780214917 6.8382064644374
7.27915380971331 7.24263916993778 7.21660328804682 7.19830097263963 7.18571782534734 7.17741497667769 7.17246239965722 7.17039606033278 7.17093885881154 7.17310459256764 7.1740568709305 7.17012458552724 7.16068466194693 7.14926806678783 7.14034896768375 7.13711040202437 7.14131228367945 7.15320465688531 7.17046722264797 7.18685704023272 7.193220072391 7.18299067672283 7.15774792146651 7.12576388006807 7.09602413793485 7.07482727161358 7.06600552406462 7.07195918516446 7.09308237717305 7.12396972245004 7.14851536746341 7.14602075413937 7.11192568205004 7.06176283337009 7.01194662670666 6.96948616491925 6.93474334715217 6.90571204976643 6.88026247706163 6.85728008702931 6.83763530829156 6.82452378305501 6.82133497239008 6.82792690183835 6.84057134928324 6.85550249936002
7.26903752768826 7.23248257282607 7.20537680099596 7.18559137687874 7.17146695090275 7.16175142507079 7.15554146976278 7.15218296028256 7.15098927457041 7.1507132733021 7.14923813831472 7.1445228152958 7.13648624283621 7.12732913086987 7.11985591424828 7.11609787455016 7.11699467471195 7.1222691284132 7.13001272166232 7.13643988663849 7.13687840038979 7.12833128138618 7.11172104450127 7.09148829117318 7.07324567692074 7.06202848901249 7.0620630462518 7.07703905384913 7.10891492968396 7.15260460195613 7.18806147452797 7.18772708699102 7.14698596341531 7.08818712625655 7.03199659601828 6.98582604446561 6.94938340393365 6.92020552824329 6.89600359210369 6.87554356862618 6.85913492076063 6.84858955814981 6.84590631835152 6.85129240414683 6.86287624219957 6.87833510928282
7.25361660430075 7.21859833570656 7.19155472468952 7.1711618699932 7.15615743265435 7.14540535325501 7.13792416665843 7.13286024948123 7.12935223075561 7.12633319695858 7.12254988984932 7.11710972574706 7.11020118188868 7.10305702479229 7.0971343243465 7.09343368257922 7.09229070919707 7.09329156816137 7.09513922950652 7.09572667768231 7.0927997058704 7.08515561734432 7.07359160334588 7.0608063408929 7.05047608616626 7.04644187259961 7.0524944590532 7.07226688885705 7.10766420453094 7.15336117122342 7.18932355455568 7.18916548764262 7.14958896427784 7.09271734197203 7.0385022969773 6.99417668997014 6.95964570487658 6.93273728012708 6.9114040012065 6.89444874332098 6.88176390010807 6.87418985170166 6.87279967456364 6.8779569524821 6.88906277066591 6.9051452758232
7.23503453372365 7.20172167210743 7.17510001352434 7.15461158189794 7.1393211921824 7.12808828386989 7.11974603279236 7.1132366057813 7.10764784093928 7.10220616119595 7.09637223741713 7.09007014930751 7.08377180394068 7.07816929595641 7.07372069036194 7.07051480079598 7.06836438878822 7.06682036094721 7.06510207791798 7.06216895213812 7.05709657221047 7.04965479042569 7.04072533153861 7.03225096326126 7.0268069234901 7.02718207195248 7.03617640515949 7.05624520514584 7.08786546879617 7.12534565087716 7.15287156583122 7.15224970966339 7.12170535506642 7.07662042880894 7.03203128091909 6.99455132378117 6.96504558205672 6.94230104479765 6.92487872022843 6.91180833652793 6.90280340211172 6.89819454796942 6.89859587975483 6.90449163646888 6.91609071839923 6.9335006212417
