samples/winforms/CreateGRIDSample/CreateGRID/data/test.grd
ncols 100
nrows 66
xllcorner -10697950.5964088
yllcorner 3495319.07217908
cellsize 10.2939012750238
NODATA_Value -9999
[rows 20 to 39 of 66, columns 0 to 45 of 100]
6.44983598029144 6.43172267509178 6.41622624596084 6.40825589696951 6.41449349288697 6.43956616354277 6.48195712998912 6.5343280116918 6.5877014003322 6.63519332072344 6.6733606347453 6.70188849927608 6.72254633696707 6.73787729338182 6.75011567523746 6.7607713910502 6.77073623847478 6.78044432269783 6.78992023714465 6.79883460968449 6.80666380849778 6.81294848234969 6.81760671724631 6.82122152146789 6.82510794606875 6.83091422641582 6.83989501383111 6.85249577033442 6.86850593669665 6.88735894068825 6.90830011967451 6.93049847652789 6.95317575803812 6.97572449415289 6.99776792717217 7.01914094322447 7.03979519627656 7.05964872947567 7.07842202809497 7.09553991118657 7.11022566657453 7.12189267721374 7.130693738465 7.13769617076833 7.1442458621851 7.15096017449626
6.46296054797331 6.45323837672196 6.44815164105034 6.45039899095138 6.46328221225567 6.48909744570017 6.52714318124239 6.57319667077534 6.62091803967323 6.66402791929144 6.69816401711254 6.72201271779042 6.7373620115414 6.74772173117607 6.75627912137269 6.76478670625902 6.77375706804683 6.78305872828394 6.79228481349821 6.80091449850668 6.80844419880011 6.81455818519103 6.81930821481071 6.82322304179722 6.82726655851427 6.83263694545179 6.84050668285925 6.85178612000823 6.86690442235888 6.88567296597627 6.90735842182915 6.93094599151558 6.95543708712628 6.98005298658256 7.00430857531909 7.02797708988172 7.05097638026736 7.07319577131966 7.09427732770895 7.11340214798579 7.12926052484717 7.14054348883542 7.14703192174282 7.15032552688062 7.15297660400926 7.15679012535294
6.46446495794533 6.45914793397312 6.46049636939376 6.47011791191437 6.48936985623793 6.51896746293564 6.55815503324106 6.60399915445707 6.65147260310735 6.6944228466125 6.7272940946341 6.74746220141422 6.75692487906903 6.76101019397771 6.76465221654314 6.77012650270308 6.77753476121713 6.7860892195387 6.79486265467131 6.80303438449192 6.80996913247299 6.81529366703132 6.81898702482042 6.8214534081133 6.82356805614497 6.82669777889942 6.83258364866167 6.84286953925604 6.8583972267844 6.87884921713941 6.90302996276805 6.9294502035847 6.95679427915715 6.98413456852175 7.01095205684302 7.03705271801448 7.06243107969748 7.08708473811283 7.1107446964635 7.13249335362401 7.1504344957137 7.16210851665686 7.16644508272579 7.16577040809643 7.16452886273634 7.16600044971312
6.45160200797752 6.44591379171074 6.4496742719362 6.46477101515262 6.49142796183219 6.52849412536289 6.57394684413417 6.62474405267979 6.67631919034478 6.7224478914552 6.75633091467704 6.77384436264024 6.77736846638322 6.77477221337266 6.77326161477565 6.77565847610088 6.78152167448914 6.78933517586873 6.79762154591522 6.80520983972898 6.81122676831013 6.81507450397923 6.81646630212728 6.81556328163415 6.81328351007514 6.81171595013942 6.81407393982081 6.82345179959474 6.84102490076097 6.8655668267378 6.89459285608876 6.92568631378522 6.95711560091177 6.9878798326855 7.01754247631258 7.04604407922512 7.07353826106207 7.10021790225165 7.12603844530017 7.15019644530118 7.17038882645546 7.18284050304459 7.18520008771693 7.18062626648354 7.17592886542577 7.17584807063755
6.42530141412399 6.41429863383914 6.41651119255095 6.4357198572261 6.47148844452223 6.51976830635138 6.57566606942311 6.63478180128305 6.69246545659473 6.74261331247986 6.7779117149169 6.79352197567301 6.79252729376271 6.78503313919477 6.77996062505531 6.78037529412262 6.78531988453032 6.79270032814272 6.80060927607239 6.80756486248868 6.81240955449586 6.81419596018722 6.81218163040833 6.80607777539619 6.79678460380486 6.78755400322012 6.78425828271434 6.79268952939914 6.8143726162581 6.84597205503712 6.88253496982889 6.92022049545362 6.95688489396811 6.9916220069836 7.02422967809941 7.05486584186576 7.08385651394137 7.11155430777995 7.13810786204685 7.16292579810977 7.18371211160529 7.19611048400481 7.19706293691949 7.19039640316787 7.18440065926555 7.1844533517943
6.39153307238569 6.37147713720456 6.36878393561631 6.39061973863228 6.43639685374544 6.49811448769801 6.56645616791354 6.63461203894233 6.69751030458589 6.74966274509406 6.78477022189588 6.79917662226761 6.79699051200072 6.78876828800426 6.78340142418833 6.78379504287948 6.78882926842256 6.79624858531883 6.80398044527414 6.81035372878021 6.81394921404612 6.8134198127976 6.80744480918337 6.79507926271517 6.77698780016788 6.75772660937238 6.746868803311 6.75433041793796 6.78206352131518 6.82327263469104 6.86939855700537 6.91489236873309 6.95735971737058 6.99620109610238 7.03157471997634 7.06388216341991 7.09355796639487 7.12096874931411 7.14626104939486 7.16896326739726 7.18724471455131 7.19773360651575 7.19844863674041 7.19325317319587 7.1894080283577 7.19160179210021
6.36124329916045 6.33196868747376 6.32339568579384 6.3462220363754 6.40018538277154 6.47352052136352 6.55226036510454 6.62689802971208 6.69191858763245 6.74303348449612 6.77634394629285 6.79076685919738 6.79113491915186 6.78645996653315 6.78400337564981 6.7862444772035 6.79230682037735 6.80020639114141 6.80798537118856 6.81393844507832 6.81647566547912 6.81392286907507 6.80445318953066 6.78650633943932 6.76042655795398 6.73180917168657 6.71372851389341 6.72037642374162 6.7542326070048 6.80486560971652 6.86007791349603 6.91277596070131 6.9604595306226 7.00288463322655 7.0405452113382 7.07401471900121 7.10372568482398 7.1299127334511 7.15256903608367 7.17131220385784 7.18517981491514 7.1928945953955 7.19453297121625 7.1932079933026 7.19344149187159 7.19850234230347
6.34639157226312 6.31247362381685 6.30081203120919 6.32351746550244 6.38057597057564 6.45859465061589 6.5411211663806 6.61694297347811 6.68036439873304 6.72846602204503 6.7598626383168 6.77569440085296 6.78070021055577 6.78159330071228 6.78358451751651 6.78863426892511 6.79624245941853 6.80489584839539 6.81292277819304 6.81872153500588 6.82067467026202 6.81698563206488 6.80564456192808 6.7849226898598 6.75518946835075 6.7225876243457 6.70154940414747 6.70794290163338 6.74471069486871 6.80012251176616 6.86030977369446 6.91725533588655 6.96823401315279 7.01306883691695 7.05234226512566 7.08662370955615 7.11622231045098 7.14116590215689 7.16128783071861 7.17638942362482 7.18648717065563 7.19215891659473 7.19484019445184 7.19666464369882 7.19987770683777 7.20655371252955
6.35340924069483 6.32156592713567 6.31143007538233 6.33354264028248 6.38761873575788 6.46143578194428 6.53946706303421 6.61062160700215 6.66937305086901 6.71372531358485 6.74379577243125 6.7616902781327 6.77142259486024 6.7776869955569 6.78402426155511 6.79191012818316 6.80113469078246 6.81063437538468 6.81907358017371 6.82505217023863 6.82708280984957 6.82350917444175 6.81256622274897 6.7929543923823 6.7655527953224 6.73646063915401 6.71860827580776 6.72576487762974 6.76091542228617 6.81433305518183 6.8734910007931 6.93044318421318 6.98207157729917 7.02784313197421 7.06809118511605 7.10317577961867 7.13317637000065 7.15786915855187 7.17690830770974 7.19019373642007 7.19831510224939 7.20272370607064 7.2052756517448 7.20754003032873 7.21079001551692 7.21655373699022
6.38023628490966 6.35515765314509 6.34944302708981 6.37050031928153 6.41755836770718 6.48114155995271 6.54890758810495 6.6114096623586 6.66365083511375 6.70400626790917 6.73300626701505 6.75270834348596 6.76617952368826 6.77662802735918 6.78643546494459 6.7966847612418 6.80733094036805 6.81765579370908 6.82664103030922 6.83314364501257 6.83592992560299 6.83368706273154 6.82518388055064 6.80985970980108 6.78917958333506 6.76856172513024 6.75781292482637 6.76675470706961 6.79791815491279 6.84497990463692 6.89865751092188 6.95214226360733 7.00213997582034 7.04762432443922 7.08850866505866 7.12483863863473 7.15641117118519 7.1826830670638 7.20294188052907 7.21674660231378 7.224480851846 7.22755609153067 7.22790062878212 7.22723909650063 7.22703203426417 7.22891031535705
6.41959235615591 6.40245318175868 6.40135963822244 6.42077943771211 6.45966325220303 6.51136266816525 6.5670927844518 6.61963283976711 6.66479253066208 6.70106753492695 6.72881898765096 6.7495991284606 6.76557273885008 6.77889912780298 6.79118132930695 6.80320172663446 6.81499212584076 6.82607879849245 6.83571766844412 6.84303862618267 6.84711904339636 6.8470652794685 6.8422249967629 6.83269240207848 6.82020509532172 6.80909338481074 6.80603741007124 6.8172878347029 6.84472733314183 6.88485598286087 6.93171512952017 6.98022631374461 7.0274175021896 7.0720205830529 7.11364778645894 7.15211729441595 7.18700649028929 7.21740018895166 7.24188017124971 7.25889822170716 7.26757632542372 7.26852061560753 7.26387572594624 7.25649279855433 7.24908956105782 7.24399697393615
6.46400461397937 6.45370302302558 6.45603807124242 6.4734433300131 6.50486491775434 6.54586477046931 6.59054925122946 6.63376111401999 6.6722086372441 6.7045017344355 6.73069757832226 6.75177823408134 6.76916596164258 6.7842801355068 6.79819169361776 6.81145556415021 6.82413098401364 6.83591348857265 6.84628459835264 6.85462936777533 6.86032803187388 6.86286896692961 6.86205473874801 6.8583692076537 6.85348177672815 6.85059831167831 6.85403345127669 6.86759107746108 6.89258539701637 6.9272658775653 6.96815195033232 7.01187283832637 7.05616402976365 7.09991233789959 7.14274678790379 7.1845359439656 7.2248833854348 7.26259945810293 7.29522894348141 7.31906431671401 7.33039635897903 7.32798998455066 7.31467902507133 7.29597942270013 7.27722141711845 7.26202374425135
6.50837432514603 6.50313744191139 6.50757819769131 6.52293201634414 6.54829238989102 6.58074948369756 6.61644553485317 6.65182899964448 6.68443156153861 6.71303505353121 6.73746192956767 6.7582331367675 6.77621542490731 6.7923083771455 6.80721219097383 6.82130997397463 6.83466375816734 6.8470854849921 6.85823419709442 6.86771008882685 6.87514570516668 6.88031812410699 6.88331476647744 6.88476667001306 6.88609211206155 6.8895641222804 6.89792964386311 6.91350503398566 6.93720095234184 6.96822260544616 7.00467929477269 7.04456146537301 7.08643361816812 7.12964212108296 7.17417829933988 7.22034632575929 7.26822627176304 7.31677200276896 7.36246198690686 7.39823016179886 7.4150477531578 7.40788384996091 7.38105251965653 7.34537498124836 7.31072043071741 7.28246378539959
6.5500702311691 6.54831217944409 6.55389281167033 6.56740245274645 6.58812304926048 6.61414724122145 6.64296048720387 6.67215377466942 6.69992735875985 6.72526740997 6.7478707586235 6.76794374371292 6.78596744437191 6.80248317183518 6.81793234019212 6.83256986205357 6.84644978369285 6.8594630989589 6.87140185409282 6.88203209567717 6.89117288155427 6.89879000266114 6.90511367900936 6.91077171572703 6.9168880355991 6.92504519546516 6.93700687170367 6.95422000363912 6.97733301778642 7.0060518671217 7.03944091936368 7.07645794510551 7.11642186435494 7.15926279758966 7.20556145922941 7.25639447042843 7.31284872392705 7.37477997361877 7.43821235321939 7.49194090336381 7.51832886615251 7.50520018773349 7.45939645257571 7.40098002157766 7.34659223048818 7.30335486637376
6.588111284117 6.58866813175383 6.59480458443821 6.60678217540775 6.62405669143148 6.64536704093649 6.66906290680066 6.69351319473052 6.71742349652205 6.73998087188214 6.7608416909424 6.78002270562855 6.79775430304096 6.81433850369524 6.83003907501633 6.84501776093154 6.85931726926689 6.87288097616874 6.88559535442092 6.8973443251371 6.90807127826341 6.91784910025143 6.92695647501985 6.93594688729081 6.94567666394203 6.95724292228835 6.97179838194268 6.99027777869467 7.01315895754567 7.04040355390233 7.0716283290964 7.10642428675755 7.14468800500055 7.18687829093782 7.23417606941776 7.2885104449977 7.35223292225012 7.42675005458151 7.50872949614993 7.58340285042769 7.62249684084414 7.60333709192078 7.53594843884019 7.45286228314771 7.37850227217895 7.32101415387749
6.6223926094196 6.62448477689468 6.63086442869826 6.64163254021202 6.65638614677769 6.67428091812995 6.69422024389772 6.71509310408492 6.73597222064932 6.7562210783945 6.77550672490648 6.79374527181365 6.81101453051259 6.82746314188956 6.8432366605008 6.8584316374813 6.87307987409966 6.88715825617874 6.90061652319591 6.91341597315693 6.9255745170794 6.93721484144977 6.94861029371278 6.96021671903249 6.97267052126915 6.98673153516208 7.00316463668573 7.02258917298454 7.04536162183619 7.07156058752032 7.1011004704816 7.13394185923336 7.17033987670457 7.21108812974927 7.25774061542243 7.31276369254152 7.379375791522 7.46024963861903 7.55312803464988 7.64169248154922 7.69024418952255 7.66741246116707 7.58517516569446 7.48542823696322 7.39785550573585 7.33089395047067
6.6531931987194 6.6563211405065 6.66279503566002 6.6726412855343 6.68556504842592 6.70099322481428 6.71818642805815 6.73638024847683 6.7549091294376 6.77328176388383 6.79120090435665 6.808538825347 6.82528750631158 6.84150231131951 6.8572535318583 6.87259431255189 6.88754772303435 6.90211123796356 6.9162744259718 6.93004516333339 6.94348018694341 6.9567158651744 6.96999363033795 6.98367170188967 6.99821258023678 7.01413828157083 7.03195613556156 7.05207586264668 7.07475376979228 7.10009896070259 7.12815598472037 7.15905190246087 7.1931825805253 7.23141840912028 7.27531536946494 7.32727734830366 7.39042595621007 7.46737270178607 7.55600895257766 7.64072221274381 7.68723025536271 7.66503612858861 7.58476263932476 7.48619375950879 7.39826670163186 7.32973010676863
6.68091632430852 6.68476590441519 6.69127459939216 6.70043701838294 6.71203875317158 6.7256856535217 6.74087180839814 6.75706521133094 6.77378585877699 6.79065775043155 6.80742829631367 6.82395935761855 6.8402001240523 6.85615329269736 6.8718441608273 6.88729890282773 6.90253468544317 6.9175612501514 6.93239164794916 6.94705894502238 6.96163545807876 6.97625077497477 6.99110407893236 7.00646542858575 7.02266087168623 7.04003935885705 7.05892635998441 7.07957816267749 7.10215707057359 7.12674575428523 7.15340827336839 7.18229209238937 7.21375802288237 7.24852497548225 7.28781142581568 7.33341077131039 7.38747437822142 7.45135721200519 7.52225826701854 7.58720690780438 7.62098922639119 7.60244748333131 7.5384742223577 7.45691431554858 7.38035857808894 7.31757610751074
6.70596988262643 6.71034408445096 6.71687314717686 6.72554062144378 6.73619123187112 6.74855081711615 6.76226859397544 6.77697022856619 6.79230770792629 6.80799498267382 6.82382449172823 6.8396658280153 6.85545186679065 6.87115914935049 6.88678872363658 6.90235184655188 6.91786274683068 6.93333863297626 6.94880565562581 6.96430865360837 6.9799220440825 6.99575890116061 7.01197500596736 7.02876470402811 7.04634640573585 7.0649381958931 7.08472830877443 7.10584984258703 7.12837143937925 7.15231341525378 7.17769207499849 7.2045868280546 7.23321915226677 7.26402975094634 7.29773220923918 7.33528494663233 7.37761319242806 7.42468699254124 7.47339616975168 7.51460456757642 7.53340723451527 7.51834718668817 7.47286191649876 7.41235390015948 7.35143619498892 7.29778353963237
6.72871936225378 6.7334933682469 6.74004857457363 6.74836715317772 6.75833722821111 6.76976653294134 6.78240928921297 6.79599980360997 6.81028482088052 6.82504803105156 6.84012331971273 6.85539685628112 6.8708007288465 6.88630206296718 6.90189151217786 6.91757408950828 6.93336399250075 6.94928375192664 6.96536695740785 6.98166306801508 6.99824236405824 7.01519886651119 7.03264905681642 7.05072465063749 7.06955881421179 7.08926726752363 7.10992844885642 7.13156935594985 7.15416431578095 7.17765149923592 7.20196650230112 7.22708548751356 7.25306480871104 7.28006104551263 7.30831184811303 7.33804265593713 7.36921792254219 7.40097849341755 7.43063598039161 7.4526742039009 7.45954291128354 7.44587174421672 7.41304979925149 7.36845951593372 7.32047761167729 7.27499164906918
