samples/winforms/CreateGRIDSample/CreateGRID/data/test.grd
ncols 100
nrows 66
xllcorner -10697950.5964088
yllcorner 3495319.07217908
cellsize 10.2939012750238
NODATA_Value -9999
[rows 40 to 59 of 66, columns 46 to 91 of 100]
7.21523368007081 7.18252083026273 7.15592156839319 7.13552717927011 7.12058189056463 7.10970849418916 7.10132873926064 7.09406924621155 7.08696462094637 7.07951814866974 7.07178578240394 7.06442477020051 7.05836141037812 7.0540532986004 7.05110898691661 7.04871215542848 7.04617661908919 7.04304838484221 7.038946652518 7.03351309443993 7.0265945043597 7.01854653310433 7.01042977157932 7.003924886336 7.00100684026271 7.00359810837737 7.01332513870681 7.03110812938968 7.05592894640572 7.08256103487353 7.1006769060512 7.10022854999873 7.08038900074816 7.04964954965465 7.01746692599395 6.98917348161727 6.96638837681324 6.94889949621955 6.93595786081324 6.92690548710248 6.92143698716539 6.91965647366965 6.92199348216241 6.9290784855577 6.94170929707525 6.96090019225316
7.19539420203251 7.16124917331259 7.13362973593771 7.11328681088623 7.09949763473365 7.09023689773677 7.08306128921198 7.07604173269294 7.06812731093235 7.05910542816846 7.04960093944645 7.0410716997574 7.0351439282346 7.03219998608374 7.03088443940631 7.02937004556525 7.02655372125934 7.0220835529354 7.01593170630551 7.00818449590472 6.99913345608268 6.98950234565464 6.98059279362799 6.97416341771232 6.97201362571752 6.97548348993347 6.98513088262722 7.00051096813856 7.01966674126344 7.03839008039838 7.0505875467609 7.05123380127932 7.0399957307143 7.02117563449968 7.00021829444457 6.9809580894237 6.96517508485148 6.95327941111241 6.9450352096575 6.94003268788408 6.93796561616175 6.93880034470114 6.94288097216143 6.95100087961121 6.96446592024484 6.98511664919634
7.1760223661524 7.13783761431497 7.10761893839648 7.08711507896232 7.07561489175518 7.0697531619059 7.06541054284684 7.05978532260539 7.051844858083 7.04181963351752 7.03095363121195 7.02155128019654 7.01605999842559 7.01469937345744 7.01485124266489 7.01370402530507 7.01006206559295 7.00389145709348 6.99548658284966 6.98516760479191 6.9733970761831 6.96107417043284 6.94978436908122 6.94172077396469 6.93904722055703 6.94293479237743 6.95301093903747 6.96756485874135 6.98396301424314 6.9988645503915 7.00873502760799 7.01115479127196 7.0061187752782 6.99592707525179 6.9837416668445 6.97220020709095 6.96289044578198 6.95646555629763 6.95295100731355 6.95202753805454 6.95328083505068 6.95646968593278 6.96181996307838 6.97027636012935 6.98362880452726 7.00447871248388
7.1576752132011 7.11276538117744 7.07803291231512 7.0569898772638 7.04920262057888 7.04890365009282 7.04906739132651 7.04581678810166 7.03857914311682 7.02842595724047 7.01732846056007 7.00823692617369 7.00395517501158 7.00399736219379 7.00446302522556 7.00223409287329 6.99662925278091 6.98808217389203 6.97706386374595 6.96386407657964 6.94881639392404 6.93274446391812 6.91749182759157 6.90610912359701 6.90192755132812 6.90652699410971 6.91850868819892 6.93452424702947 6.95106671547664 6.9652931767899 6.97516299833328 6.97967354206539 6.97914210489713 6.97505693080171 6.96944500452834 6.96418418398145 6.96060755415382 6.95940520137253 6.96066889716072 6.96398789555289 6.9686360879514 6.9739525708028 6.97990174735259 6.98756189843544 6.99924982053852 7.01827048718782
7.14210865557084 7.08888010965099 7.04828046578463 7.02633681603359 7.02334991747779 7.02998712285663 7.03522036019033 7.03441488451926 7.02820523793536 7.01894342518854 7.00935943325135 7.00245435396112 7.00009704230855 7.00033827022623 6.99893433327768 6.99377432802522 6.98512957656386 6.97376385276965 6.96006846377765 6.94405058212373 6.92564105671069 6.90527885575767 6.88487728106926 6.86869984337585 6.86229578647553 6.86839792059068 6.88410400533907 6.90360082418693 6.92221399777149 6.93747053366011 6.94839956125563 6.95494509672567 6.95777053693715 6.95810838988735 6.95747724926991 6.95734729192843 6.95887900281994 6.96275378658712 6.96903837950913 6.97707131782037 6.98552501462471 6.9929324940277 6.99872196547454 7.00413271035621 7.01222024841364 7.0270432826533
7.13278600954772 7.07265702447149 7.02747878667553 7.00506656234051 7.00601382387835 7.01747781542139 7.02538978752056 7.02542567757283 7.0197618433047 7.01187056428992 7.00481916421726 7.00082009538398 6.99982920436836 6.99865394871484 6.99398020163461 6.98527082341202 6.97356803566571 6.95972266359856 6.94392728683878 6.92585351918417 6.90495161579034 6.88107240599926 6.85585964003013 6.83469155296229 6.82597712348325 6.83416303676065 6.85431818586789 6.87767304309161 6.89856019196167 6.91504244152421 6.92705390219858 6.93522787479187 6.94052534783975 6.94413508864128 6.94737155908757 6.95153001140516 6.95772465376587 6.9666942093034 6.97850885718463 6.99216909398507 7.00538356330105 7.01523977642284 7.02013879928515 7.02161718692538 7.02401501646216 7.03243753289942
7.13280555326492 7.0706324235485 7.02542195653995 7.00381826859726 7.00469942943961 7.01440194790283 7.01978461211748 7.01786922920034 7.01157785473586 7.00450840282619 6.99922838615419 6.99667477629627 6.99538146808779 6.99212049697999 6.98477466615168 6.97367188604929 6.96009372389785 6.9448857225722 6.92817034332967 6.90949518043903 6.88807295872591 6.86334178212227 6.8365060811573 6.81320964495896 6.8034690155858 6.81282939682328 6.83500912691131 6.85966326301773 6.88098584322451 6.89760130465066 6.90999068365925 6.91913001885592 6.92611531616004 6.9321169849782 6.93837114758063 6.94613722303276 6.95660672423485 6.97070619737266 6.98865799224916 7.00917928376674 7.02866668664433 7.0418392329586 7.04525754756521 7.04104746219382 7.03582729140457 7.03628441278441
7.14097846960014 7.08169887329231 7.04003446068608 7.01898778603957 7.01496778118835 7.01685060042114 7.01557348936583 7.00963136411998 7.00160920488427 6.99428648534348 6.98920329345904 6.98621819986311 6.98345567032693 6.97838680304508 6.96969555426294 6.95781070958847 6.94384289909419 6.92860054187346 6.91231509411579 6.89471379589759 6.87519744391174 6.85329752545832 6.82997580809941 6.80992495687305 6.80157855092015 6.80962832181699 6.82877120205604 6.85025950801059 6.86915976806483 6.88429568345469 6.89610416282768 6.9054785781617 6.91343412658073 6.92106760695196 6.92957259025066 6.94024210001098 6.95442682028042 6.97335738980491 6.99759794440763 7.02578953094013 7.05289071663405 7.07037229657948 7.07201272239216 7.06092350214991 7.04712146885567 7.03929011196954
7.15141781581457 7.09676793594136 7.05816642132161 7.03545565482415 7.02418514809592 7.01682540252243 7.00821941180301 6.9978781197459 6.98767993106976 6.979356837022 6.97347000837669 6.96925064919505 6.96493979620555 6.95870560727671 6.94966184145509 6.93807403932461 6.92475916634503 6.9104645591162 6.89561187498594 6.88029017441021 6.8643647889318 6.84778503019227 6.83137740147072 6.81807519951138 6.8126983699786 6.81790373921619 6.83086039112979 6.84638543644912 6.86104157428272 6.87362886880645 6.88416982547424 6.89320161149641 6.90151035101445 6.91006750394657 6.92002647731119 6.93272879155891 6.94968382583389 6.972411693532 7.0018384540716 7.03667333165406 7.07070384823509 7.0923011882614 7.09246867194063 7.07547088409919 7.0546538340492 7.04027566561979
7.15794669179471 7.10703848830882 7.06910156402239 7.04271633967097 7.02412844892728 7.00874982512627 6.99394673485766 6.97980601759508 6.96761534831861 6.9582564043222 6.95156560441829 6.9464268091614 6.94125053399075 6.93463603626007 6.92589828848684 6.9151426589686 6.90295154072019 6.89002236751152 6.87696274117198 6.86422877032776 6.85214131961565 6.84099161991034 6.83132843789254 6.82437609274494 6.82193647834279 6.82506607818998 6.83283048895898 6.8430258661092 6.85370451667474 6.8637884306289 6.87294299633063 6.88133994011461 6.88951764539846 6.89831943891028 6.9088648190017 6.92252786456047 6.94089144696401 6.96556433960129 6.99752518369337 7.0353532932643 7.07224631570283 7.09549367173226 7.09543540083403 7.0768876221879 7.05398006307063 7.03703186419371
7.15766558222109 7.10875693948057 7.06931608466873 7.03805149583889 7.01249911054774 6.99021067068653 6.97016168328742 6.95286570690905 6.9392451261807 6.92953082282725 6.92294025704576 6.91799983857696 6.91310355275087 6.90700825796982 6.89910230401237 6.88940279774046 6.87837015631752 6.86669183318144 6.85512929052075 6.84442629579355 6.83523226727902 6.82802081928872 6.823055364607 6.82048860189847 6.82053235256764 6.82339096802885 6.82889496309616 6.83633281010703 6.84473296929909 6.85325685851944 6.86142200716736 6.8691676935019 6.87685443385749 6.88524301455899 6.89545440876408 6.90889555174869 6.92712561885803 6.95157232554821 6.98281856259677 7.01898864082674 7.05346448329253 7.07526420515961 7.07680424015536 7.0622928984006 7.04326919191713 7.02840705388773
7.15099823864619 7.10216886504094 7.05942322250291 7.02214755274191 6.98922468864783 6.95992747741357 6.93461861007683 6.91444708269078 6.90023099548285 6.89156434810449 6.88682716840484 6.88387072636728 6.88075989781854 6.87619596976337 6.86960142749551 6.86100561105749 6.85086617409373 6.83991160393696 6.82903408067319 6.81920548623429 6.81135422795998 6.80616438214918 6.80386594414131 6.80421020671074 6.80674936453276 6.81116940877081 6.81727737871802 6.82473103518208 6.83293761086604 6.84122457975264 6.84908255270727 6.85633997105719 6.86326199837616 6.8705958122516 6.87954558562854 6.89162877243041 6.90838414678527 6.93091989104452 6.95919773364792 6.99088811126976 7.02029577735662 7.03959069524232 7.04408769394705 7.03672124047175 7.02514259194156 7.01557365911534
7.14017843088513 7.08933675234193 7.04140480167289 6.9964305724413 6.95450217861578 6.91656149606255 6.88473342235705 6.86146980673477 6.84785975605275 6.84257940465262 6.84245585711584 6.84398117916102 6.84449781651484 6.84255037089641 6.83768410806335 6.83009977684766 6.82037948178422 6.80933708022504 6.79797406525846 6.78747472453365 6.77912999902439 6.77408911283918 6.77297797174521 6.77564905316751 6.78134550818442 6.78916221140427 6.7983446929743 6.80824999700417 6.81822704496998 6.82763301221051 6.83596086043926 6.84299161051326 6.84894428524792 6.85461433565976 6.86141955721474 6.87118931905961 6.88561565941467 6.90554340418408 6.93034878030514 6.95747386816531 6.98242015209309 7.00015882082389 7.00810799249857 7.00804752672943 7.00448089997074 7.0013841729299
7.12792264047506 7.07287020979652 7.01765323349526 6.9625965102422 6.90869886894946 6.85873723108196 6.8175712508924 6.79037192929532 6.77918898427697 6.78100994072314 6.78956506839561 6.79882605226226 6.80503223142865 6.80670508042249 6.80381165593332 6.79698652394458 6.78707759512915 6.77499076571795 6.76175974802307 6.74874220868154 6.73775607685537 6.73088264791756 6.72978483105218 6.73487219458203 6.74506081434274 6.75842379940482 6.77308740553199 6.78765850834245 6.80118111979743 6.81297629967923 6.82256910573443 6.8297324599371 6.83464844557273 6.83817997317725 6.84210105131222 6.84887169109691 6.86066129668796 6.87817690803646 6.90024620798414 6.92419129012148 6.94653516649818 6.96411756829492 6.97553416977744 6.98181602913267 6.98550540239721 6.98894440623571
7.11659902214249 7.05542688233481 6.99098894490307 6.92320769015577 6.85343209969982 6.7863960982269 6.73123599532135 6.69845609518355 6.69242376516159 6.70683617220912 6.72947123718665 6.7501364547605 6.76386250777761 6.7697081452205 6.76864254418935 6.76211366276065 6.75137919116735 6.73736153472108 6.72089831616253 6.70331352475946 6.68706781679331 6.67586754797097 6.67347748855987 6.6815247390904 6.69829452965835 6.71993771364422 6.74268946282274 6.76404918819518 6.78270248261732 6.79801597592623 6.80965836074267 6.81747287933312 6.82160959442463 6.82295038704865 6.82367381202766 6.82716849539451 6.83641569984919 6.85201967699302 6.87218984330876 6.89417177119479 6.91531922470152 6.93367544411187 6.94848174028364 6.96034021052934 6.97066142053502 6.98067119035323
7.10771498770789 7.03955164540109 6.96499124070871 6.88274881166823 6.79367867124155 6.70418417869471 6.62930013159544 6.58866295846203 6.59122165584377 6.62473701402708 6.6668543229726 6.70161478974864 6.72341902237741 6.73290880576363 6.73283048929815 6.72587266331313 6.71382240834171 6.69743449952983 6.67688423366008 6.65289384254065 6.62839020488305 6.60956944288138 6.60408619634147 6.61595265122894 6.64215430891966 6.67534359981703 6.70884207738165 6.73883459186314 6.7638316671937 6.78349676738599 6.79786009868643 6.80700529127496 6.81114240137304 6.81112075485491 6.80934291478721 6.81001004376428 6.81690176542024 6.83048758846236 6.84854384879448 6.86859722519502 6.88888900275959 6.90832850471703 6.92651044946759 6.94374656811388 6.9607434056733 6.97790493724675
7.10171636337234 7.02759768950959 6.9441119475485 6.84832911533451 6.73997719460688 6.62643480258343 6.52905732361226 6.47932256646771 6.4927251675989 6.54858791099824 6.61131469887614 6.65901194894397 6.68666402071907 6.69748664472833 6.69657491727491 6.68817743033281 6.67470547993723 6.6565082883456 6.63241782206706 6.60151134075493 6.56638295381975 6.5364018602278 6.52562480940545 6.54224815754216 6.58083382192732 6.62839944007238 6.67443408755908 6.71395453290551 6.74570054445228 6.76995476035975 6.78734593396895 6.79842549868514 6.80370722317747 6.80413170561516 6.80197890025983 6.80128835847286 6.80574577842699 6.81585390497622 6.83000937972066 6.84689861821267 6.86582941698134 6.88630008694307 6.90797806100753 6.93086416897517 6.95514910853248 6.98056466590184
7.09835622071974 7.0216157890434 6.93298932414959 6.82848383060341 6.70727499521795 6.57754857458421 6.4650221014784 6.40947260524942 6.43069355457263 6.50107425847571 6.57539122573011 6.62826289388066 6.65581554860468 6.66362184235155 6.65898600294833 6.64783910752743 6.63339231820863 6.61547698480031 6.59090896237569 6.55582649098764 6.51101692744291 6.46876260747934 6.45144444482902 6.47301268926752 6.52458552086202 6.58632898878524 6.64399740223651 6.69197061756765 6.72954052187074 6.75772072421346 6.77778941798913 6.7908750442604 6.79802809246677 6.80055034244369 6.8004076629314 6.80015590736037 6.80182159361748 6.80624957254759 6.81412681555542 6.82637552852523 6.84345291339028 6.86507074511051 6.89061331628122 6.91964383181124 6.95191129495777 6.98657552788077
7.09772886819105 7.02319432327212 6.93482904889736 6.82923001568793 6.70691454887464 6.57762188631093 6.46744041550492 6.4137693437476 6.43334217730531 6.49871068558885 6.56637445214206 6.61158539854026 6.63060577891485 6.62966896475972 6.61750398986553 6.60186051076048 6.58726921241895 6.57329657787117 6.55435660262832 6.52266585495591 6.47577654594176 6.42711467101472 6.40558614949933 6.42990363460963 6.48891997352712 6.55861289489248 6.62279726475379 6.67559826717407 6.71657594597103 6.74708919175633 6.76876845567677 6.7831357808722 6.7916949720996 6.7961010091365 6.79798174528195 6.79812866831506 6.79636582268118 6.79389199753431 6.79452550609334 6.80205606424651 6.81797149872448 6.84169252271644 6.87188917252941 6.90750147215596 6.94783803297865 6.99154986472646
7.10129896417329 7.03325855504271 6.94983895662708 6.85004283329776 6.73729987493669 6.62284287338346 6.52884338336761 6.48171232525021 6.49040731266715 6.53369679698743 6.57878519195677 6.6049596962993 6.60767114276209 6.59215826017928 6.5679176569667 6.54511487802123 6.53083725023078 6.52518110203017 6.51995906784775 6.50284098971711 6.46745395412634 6.42563739750013 6.40632828324667 6.4289583902689 6.48454719102772 6.55141153794971 6.61416100184444 6.6665858282833 6.70768587600394 6.73842357332943 6.76024490560272 6.77464530865367 6.78316354349503 6.78736254414351 6.78834425209439 6.78579750728152 6.77857101728775 6.76869180027419 6.7630329045815 6.76803144117057 6.78546399165684 6.81355611778056 6.84970667622794 6.89204376819621 6.93940285156967 6.9899597275057
