samples/winforms/CreateGRIDSample/CreateGRID/data/test.grd
ncols 100
nrows 66
xllcorner -10697950.5964088
yllcorner 3495319.07217908
cellsize 10.2939012750238
NODATA_Value -9999
[rows 0 to 19 of 66, columns 0 to 45 of 100]
6.41054219051673 6.39891285922081 6.39639668357782 6.40487526035446 6.42417284067636 6.45177186403778 6.48366155287398 6.51579802355753 6.54528515138378 6.5708274532044 6.59257652248621 6.61167425028917 6.62970260118775 6.64815758678353 6.66805421979134 6.68975523092255 6.71303197872857 6.73726063467635 6.76162171785375 6.78522253542206 6.80714454811996 6.82648094750623 6.84245246189076 6.85464529040657 6.86328030980408 6.86928313738991 6.87399634868595 6.87868418145762 6.88416626068913 6.89075069276117 6.89837755123994 6.90680883885196 6.91577220508041 6.92504288421435 6.93448001923605 6.94403458649255 6.9537380345162 6.9636732872324 6.97392460737603 6.98449961519419 6.99521821404437 7.00557939743151 7.01466265861434 7.02118710576697 7.02385208974816 7.02188931478555
6.36986031035901 6.35217093886851 6.3460340886832 6.35487008899254 6.37888762470455 6.41431969362546 6.45490213358525 6.49450909671767 6.52907657415662 6.55710873591808 6.57924821629393 6.59752389759552 6.61453165432183 6.63262830276989 6.65330469824687 6.67695518841691 6.70307785664746 6.73068670289465 6.75865874497738 6.78588039634116 6.81122423283319 6.83348737321495 6.85147120157826 6.86435072873405 6.87224080759275 6.87647563407576 6.87914640898629 6.88217165585437 6.88666112179267 6.89289220489787 6.90062793670009 6.90943978329868 6.91890821212289 6.92871681297351 6.93868620130643 6.94877832225679 6.9590826931048 6.96978431970441 6.98110610841693 6.99321171565857 7.00604783990644 7.0191140723533 7.03121698899682 7.04042840532506 7.04458876884244 7.0423667973278
6.32980779521363 6.3043007072055 6.29292133954757 6.30153474661614 6.33120508453142 6.37642625294841 6.42764793036695 6.47589675596103 6.51572188956872 6.54554622285293 6.56675907533369 6.5826385300418 6.59724927006182 6.61420409857881 6.63559295985946 6.66165079768639 6.69127808904431 6.72288332677396 6.75496370542946 6.78624076727668 6.81548225847689 6.8412403193423 6.86179564590916 6.87565122972711 6.88260222288529 6.88449492851544 6.88452488233732 6.88552921587091 6.88892982831426 6.89486722997893 6.90282283601069 6.91211446948614 6.92214346896453 6.93248509864437 6.94291270323456 6.95339832129406 6.96409931939353 6.97532616355276 6.98748108986856 7.00094889994081 7.01590050966905 7.03195172363217 7.04768525519026 7.06034740673222 7.06647663896086 7.06382455345906
6.29550542924137 6.26136934445112 6.2435793274594 6.25128374812046 6.2869662179887 6.34296056531202 6.4055287610578 6.46236740990715 6.50665435503929 6.53686300905265 6.55524578224636 6.56661083331565 6.57706294010914 6.59205864662756 6.61440245775612 6.64372367844927 6.67773333599784 6.71388873959642 6.75026911916224 6.78557622612298 6.81867930949971 6.84806131392864 6.87151337234062 6.88666450456256 6.89271668107204 6.89204842756684 6.88925802519458 6.88827877682939 6.89078511340983 6.8966590440229 6.90502917733857 6.91493563212298 6.92559233431958 6.9364565442841 6.9472419125465 6.95792180357146 6.9687226916481 6.9800931014642 6.9926358171558 7.00698870790535 7.02360700563496 7.04233551316359 7.06166892355488 7.07801859611253 7.08631113928666 7.08308204722207
6.27398886237928 6.23290177894066 6.20949338530085 6.21613839227053 6.25687371090243 6.32189469746461 6.39344821552589 6.45638482644166 6.50287953791499 6.53138953539817 6.54471299748069 6.54915580151752 6.55351588906027 6.56597633826286 6.59011986051077 6.62407622439098 6.66344213752445 6.70437670173078 6.74464413080689 6.78317258330051 6.81918256981751 6.85134113105082 6.87720139352824 6.89365820443654 6.89925491204641 6.89674850005422 6.8919941412369 6.88984200877082 6.89207979509905 6.89830829686769 6.90735352340533 6.91803187428232 6.92939531667891 6.94077831382999 6.9518126758631 6.9624514013559 6.97298215780111 6.98399586335818 6.99629365252452 7.01073613594167 7.02800819573888 7.04816132583168 7.0697160518973 7.08854936766586 7.09833352260999 7.09463688000629
6.27175258213344 6.22877615322171 6.20369879329509 6.21032487641363 6.25327215177494 6.32152091738816 6.39555069648203 6.45925289591402 6.50441503834779 6.52903766522464 6.53556577134709 6.53122371963487 6.52803245152791 6.53803914466979 6.56550786098046 6.60563035360997 6.65084267549863 6.69596525073203 6.73882221605593 6.77887337078354 6.81585899521793 6.84881494594756 6.87545704695311 6.89258730463644 6.89854327945818 6.89613404357009 6.89154610346324 6.88984520847575 6.89279928885923 6.89990828266517 6.90990573626684 6.92151813807298 6.93368762382867 6.94561775939485 6.95681756168818 6.96717821402948 6.97703446616688 6.98713269616027 6.9984706233475 7.01205343194039 7.0286101971385 7.04816583059068 7.06921710027617 7.08766285560305 7.0972418081682 7.09369116046457
6.29061830538352 6.25253492975489 6.23146021809006 6.23963432422036 6.28058609707882 6.34385709376195 6.41182177084061 6.46995409937423 6.51028757532015 6.5298600556321 6.52974946430862 6.51703068342926 6.50671044907728 6.51533271818383 6.5474460727604 6.59394968801428 6.6437861962449 6.69106606085805 6.73425381864541 6.77354500629521 6.80917963744958 6.84058148433016 6.86596858351805 6.88282609529679 6.88997385421114 6.88991582505634 6.88793304703205 6.88843161062332 6.89307569869115 6.90153815311801 6.91272533181935 6.92543068297305 6.93854378095939 6.95111823012082 6.962471673537 6.97236113710274 6.98114960551389 6.9897898314555 6.99952795702536 7.01145773435888 7.02614076014903 7.04328573988502 7.06126058888346 7.07654805414221 7.08438742320282 7.0818514706847
6.32534649830038 6.29695116885695 6.28353131183942 6.29362853134389 6.32887071382551 6.38102206862096 6.43697238265957 6.48546240868859 6.51933748514526 6.53474748152221 6.53119609425325 6.51466708282736 6.50128832133207 6.51037909027284 6.54611272336711 6.59572323624208 6.64615597377883 6.69195919126293 6.73258859240764 6.76885172569661 6.80125342780243 6.82947894358954 6.85235672845359 6.86838693628136 6.87713262037018 6.88057650286825 6.8824886835403 6.88615454876457 6.89305126046185 6.90315391878739 6.91569707881182 6.92964939551515 6.94389344524777 6.95730721683757 6.96892026962215 6.97823608806198 6.98561196397956 6.99232310945379 7.00002650305932 7.00993795795038 7.02233004439641 7.03646235064089 7.05060732062706 7.06211630985723 7.06811002131751 7.06712052316615
6.36598496681518 6.34790945361429 6.34192818503008 6.35281776420043 6.38082424625709 6.42052625146126 6.46361832428648 6.50233136066071 6.5307455798401 6.54482760155255 6.54329828166654 6.53083326716654 6.52161537227951 6.53309900563807 6.56833295106247 6.61443229709343 6.65949326151411 6.69952844087259 6.73482268616398 6.76634666545145 6.79449724475651 6.81899446990365 6.83912687655257 6.85421851380677 6.86437189295789 6.87104675558621 6.87667418487184 6.88348365839934 6.89269392227928 6.90451573883564 6.918503917939 6.9338327816799 6.94941090939458 6.96393057002604 6.97603247515689 6.98479594062647 6.99049952989423 6.99492565743891 7.00043221686079 7.00846607206319 7.01896144169699 7.03073628048401 7.04205991129108 7.05106008988638 7.05620371980691 7.05690223865354
6.40282646620243 6.39248081757229 6.39128093058877 6.40149132215796 6.42290945612385 6.45255061444277 6.48576843479219 6.5175707150569 6.54337050385941 6.5596189119295 6.56511133280085 6.56338216717349 6.56446615425805 6.57984624934079 6.61059883709955 6.64718481277085 6.68180020517704 6.71271526233682 6.7407810726079 6.76667517304911 6.7903246475314 6.81121805074541 6.82881851786153 6.84290146986229 6.85383815409316 6.86271984359445 6.87110524402859 6.8804650968323 6.89173578622421 6.90521260223696 6.92065582671136 6.93740747773528 6.95442247889317 6.9702376944721 6.98306426264937 6.99140096026693 6.99534239047874 6.99737963984034 7.00089162751958 7.00762529129498 7.01711431512861 7.02777685348224 7.03791934284725 7.04617753696292 7.05169951785755 7.0542096371988
6.42959623433482 6.42315982652838 6.42354216926519 6.43191959348286 6.44835522357981 6.47163120532136 6.49937863393296 6.528355602922 6.55498720615885 6.57635123614264 6.59155932044644 6.60309068388451 6.6166170031302 6.63690075726453 6.66224639460025 6.68699862498212 6.70883951829161 6.72910839433516 6.74927206560023 6.76946263430273 6.78887753128791 6.8065408386403 6.82182227818924 6.83465945856598 6.84556593762489 6.85548924492363 6.86555377460953 6.8767603404569 6.88976099551496 6.9047751238851 6.92160706921038 6.93967417979897 6.95796742683943 6.97493138953844 6.98844301386597 6.99646832806026 6.99892112566181 6.99907432962808 7.00135637892933 7.00769445387017 7.01718934781548 7.02797019377877 7.03841852937525 7.04745838023698 7.05447854701084 7.05915176900628
6.44373952959108 6.43731233912291 6.43616661965183 6.44155658965871 6.45438428494807 6.47474222190323 6.50141154775408 6.53179384002962 6.56262538784236 6.59127246125761 6.61699345463795 6.64135503078503 6.66671279194099 6.69248355337658 6.71369420745866 6.72715996403533 6.73619746849952 6.74593979706684 6.75863850652684 6.77372519483856 6.78949856472827 6.80436225457704 6.81741277120537 6.82860195988137 6.83861213507021 6.84851487097714 6.85935464129393 6.87185952967905 6.88636026021576 6.90283168930338 6.920944884017 6.94006759052018 6.95917779554173 6.97669222380422 6.99039888103939 6.99815111454851 6.99998006816594 6.99968003155712 7.00209715251976 7.00904523009205 7.01936986469878 7.0311738851895 7.04301122068343 7.05399654337991 7.06353902278637 7.07102629366219
6.44546801983606 6.43533438211854 6.42940422560759 6.42999625162317 6.43962595799037 6.45972769452024 6.48938120819519 6.52535607182234 6.56362978225306 6.60124606747462 6.63738841168919 6.67301692982568 6.70847559832627 6.73962400319406 6.75828111248704 6.76223829830789 6.75999159719068 6.76069293523351 6.76729788150595 6.77838587799778 6.79130359561517 6.80378914862207 6.8145753955586 6.82358037267649 6.83179849468125 6.84076465960667 6.8517568323811 6.86531039804333 6.88130374198255 6.89927155467517 6.91859045454572 6.93847722087047 6.95786359976459 6.97522642410496 6.98859489449084 6.99630759268194 6.99887453242974 7.00000537824689 7.003973961285 7.01226688970497 7.02385074251534 7.03713974656404 7.05100135241066 7.06476043962557 7.07779745372407 7.08906104755208
6.43703235383209 6.41976348470263 6.40543303008443 6.39833034133883 6.4038505986226 6.42551782942857 6.46204405632872 6.50787200441207 6.55671383004494 6.60455373079711 6.6503631742013 6.69483638911241 6.73737681053507 6.77211993569722 6.78907217270429 6.78651432745023 6.77659831403902 6.77138299477607 6.77412783316207 6.78264673558303 6.79354958046814 6.80402227445647 6.81241173810514 6.81859168357081 6.82409747537364 6.8313834439993 6.84226539844512 6.85700258776948 6.87474872087871 6.89438911492612 6.91491815929824 6.93539652927947 6.95476658097257 6.97171338082907 6.98478681127041 6.99312105619596 6.99767648503993 7.00152108992428 7.00782464222853 7.01773686062016 7.03062158476479 7.04543408440483 7.06149222060271 7.07845203821786 7.09579020738723 7.11199406783124
6.42250929171787 6.39555018471939 6.36942940768007 6.35106078754394 6.35040934337432 6.37464586210916 6.42159865824712 6.4811614291848 6.54296524358252 6.60130802904642 6.65498252392541 6.70470785641683 6.74970169407854 6.78427982972888 6.79957721980436 6.79512465514178 6.78359170889638 6.77709009848051 6.77872891700753 6.78614528401262 6.79577046376356 6.80451313340359 6.81036482173582 6.81313076726945 6.81513833951384 6.82030587309282 6.83123465471585 6.84760930000834 6.86748533686802 6.88896832693132 6.91072045273586 6.93175741109427 6.95116161197318 6.96796306055419 6.98131122377474 6.99101583346396 6.99817749697347 7.00505180840023 7.01377885770253 7.02524281317009 7.03922475118837 7.05525358309918 7.07316878342245 7.0931105703102 7.11491887278254 7.13684496746504
6.40756724907426 6.37051642292069 6.33135151332662 6.29959396534276 6.29097536406202 6.31794680113552 6.37715687596872 6.45199145119065 6.52675004288025 6.59394369836775 6.65244172272703 6.70329010293372 6.74617408612253 6.77723006711119 6.7912229983636 6.78948967531034 6.78216020949468 6.77861217915084 6.78147339713364 6.78890054143909 6.79776272401062 6.80503515212976 6.80846893214988 6.807778331689 6.8061800971937 6.80936536503508 6.82073624181358 6.83904335161382 6.8610579609606 6.88420909393882 6.90700894062873 6.92857396833545 6.94822107810367 6.96534763323726 6.97957981849015 6.9911032721535 7.00090778514879 7.0105484185396 7.02141825972054 7.03418628676176 7.04891001281243 7.06555888596893 7.08442833349968 7.10616316049816 7.13114764162375 7.15779111089755
6.39839073317409 6.35428254153218 6.30546939231644 6.26319648938484 6.2479482297403 6.27696813423796 6.34580485335385 6.4319457235947 6.51528047006707 6.58712419926148 6.64659841226584 6.69525082640571 6.73373739305153 6.76068108971016 6.77453975353322 6.7777003778361 6.77687413937862 6.77804434271804 6.78317051190658 6.79112752173017 6.79952434475214 6.80570863002793 6.80747325988365 6.80454117696082 6.80070046064363 6.80279176237001 6.81461999419958 6.83415994080543 6.85736418829823 6.88136132941847 6.90469089766875 6.92661591519544 6.94665966243301 6.96448254905038 6.97997966236041 6.99345357636159 7.00567376439075 7.01766502954872 7.03030421425402 7.04405595690457 7.05907526405934 7.07555625128579 7.09404289396947 7.11545913643953 7.14053049209641 7.16795372221686
6.39948315387707 6.35450893352129 6.30436486270424 6.26059118439903 6.24452163872422 6.27412234059198 6.34449054811722 6.43192236747787 6.5154524817285 6.58603373996795 6.64269243890152 6.68719033764492 6.72109443094117 6.74500294431467 6.7595721442266 6.76721465570596 6.77197822850223 6.77732216682789 6.78455654485638 6.7930694505936 6.80118818219826 6.80684926078004 6.80828818057351 6.80547174733713 6.80204339339981 6.80436337894391 6.81595746987534 6.83494831933917 6.85755951001765 6.88110327379872 6.90421298051618 6.92621190771047 6.94669648697389 6.9654236416492 6.98236177072223 6.99776558246568 7.01215712103841 7.02616047245926 7.04026964662989 7.05472756886336 7.06962900597766 7.0851824200131 7.10194431283743 7.12080501069281 7.14241658592895 7.16559394028643
6.4114263099215 6.3723663866438 6.33017237221874 6.29510486604764 6.28479604729955 6.31324384322826 6.37617067237045 6.45432456750403 6.52980162073943 6.59389368176555 6.64493466836342 6.6843001600734 6.71394837371544 6.73552048798385 6.75054527549519 6.76101662941077 6.76932303635816 6.7774024886537 6.78605346728836 6.79492658268619 6.80291460510985 6.80861809149855 6.81095815390356 6.81024994292845 6.80937602484783 6.81294174152697 6.82366395589744 6.84056381296416 6.86105364303705 6.88305025503464 6.9053317831704 6.92718608121334 6.94814421747238 6.96791020125879 6.98638716787156 7.00369645925097 7.02012269313111 7.03597590389702 7.05143691443978 7.06649761002403 7.08107016739587 7.09522644117293 7.10940642464844 7.12436149400676 7.14058903428367 7.15714443644623
6.43039057474096 6.40152359009055 6.37260739735044 6.35138357549431 6.34966440297696 6.37607768403503 6.42773169432409 6.49196481557548 6.55564356330266 6.6109173628607 6.65519608072669 6.68906160329971 6.71442226790982 6.73337248761234 6.74774828994596 6.75916564006688 6.7690628374561 6.77848474662973 6.7878305080377 6.79683182869524 6.80476642457596 6.81080606760133 6.81449006018161 6.81635341277418 6.81838203509027 6.82338253274321 6.83318798925329 6.84768602061312 6.86564601890981 6.88579291630416 6.90713886366055 6.92891761083505 6.95052101984029 6.97151261726601 6.99166029006123 7.01092844794209 7.02940120294404 7.04714767235015 7.06408466470766 7.07992529764759 7.09429550778952 7.10701913850478 7.11840664994774 7.12923408540034 7.14018437685773 7.15094389432731
